nan nan nan nan nan nan nan nan nan
nan nan nan nan nan nan nan nan nan
nan nan nan nan nan nan nan nan nan
nan nan nan nan nan nan nan nan nan
nan nan nan nan nan nan nan nan nan
nan nan nan nan nan nan nan nan nan
nan nan nan nan nan nan nan nan nan
nan nan nan nan nan nan nan nan nan
nan nan nan nan nan nan nan nan nan
nan nan nan nan nan nan nan nan nan
nan nan nan nan nan nan nan nan nan
nan nan nan nan nan nan nan nan nan
nan nan nan nan nan nan nan nan nan
nan nan nan nan nan nan nan nan nan
nan nan nan nan nan nan nan nan nan
nan nan nan nan nan nan nan nan nan
nan nan nan nan nan nan nan nan nan
nan nan nan nan nan nan nan nan nan
nan nan nan nan nan nan nan nan nan
nan nan nan nan nan nan nan nan nan
nan nan nan nan nan nan nan nan nan
nan nan nan nan nan nan nan nan nan
nan nan nan nan nan nan nan nan nan
nan nan nan nan nan nan nan nan nan
nan nan nan nan nan nan nan nan nan
nan nan nan nan nan nan nan nan nan
nan nan nan nan nan nan nan nan nan
nan nan nan nan nan nan nan nan nan
nan nan nan nan nan nan nan nan nan
nan nan nan nan nan nan nan nan nan
-4.827882422989655808e-02 -8.615214927656322796e-01 5.054204909121269296e-01 3.211577531977684030e-01 -4.925298216429329079e-01 -8.088708625938645369e-01 9.457942972401239823e-01 1.232683750815978252e-01 3.004630676352794127e-01
7.678469203939021492e-02 -8.482532488499103795e-01 5.239947870771122229e-01 -5.487396338110552829e-01 4.028385791950112038e-01 7.325338854940797173e-01 -8.324595637947378446e-01 -3.437840963856773069e-01 -4.345383409078633075e-01
-7.243917672755967319e-02 6.337491930742769064e-01 -7.701392899682082405e-01 -5.631013822627453091e-01 6.113408440788017373e-01 5.560388526486290672e-01 8.232067777714289214e-01 4.739454954303509160e-01 3.125800191830251928e-01
-1.572046539144742183e-01 7.281457757296035949e-01 -6.671509769720522787e-01 4.838591171893864562e-01 -5.321214844087261975e-01 -6.947856363968395454e-01 -8.609105943710635422e-01 -4.320306182642468240e-01 -2.686679984327769444e-01
-3.052702678914666623e-01 6.490589877791048679e-01 -6.968016173378442923e-01 -6.189876449853298768e-01 4.208079371260396995e-01 6.631553177101440211e-01 7.236465704313033154e-01 6.337531936289476642e-01 2.732993426046286256e-01
-6.985943310362577319e-02 -9.182835025917148730e-01 3.897115195555960199e-01 -4.903581972373041165e-01 -3.085980690074309196e-01 -8.150558693777167907e-01 8.687165809449139964e-01 -2.480375791544025543e-01 -4.287293567258978477e-01
4.763459304458604326e-01 -7.913111602329467864e-01 3.833030162136153995e-01 5.294004065019979333e-01 -8.994333125916602334e-02 -8.435907815745281590e-01 7.020183502894968841e-01 6.047618083615992068e-01 3.760763100808419135e-01
1.234935309527596288e-02 8.873219267258030118e-01 -4.609851318966123879e-01 5.251075303579872955e-01 3.865784893495231023e-01 7.581682881350134684e-01 8.509462821115465481e-01 -2.514296520378015432e-01 -4.611654313114616488e-01
1.734166562487320096e-02 -9.304661124403812433e-01 3.659673212643976825e-01 -5.010342351860892496e-01 -3.248368716805396517e-01 -8.021506728590902524e-01 8.652536979434677367e-01 -1.694515281633198756e-01 -4.718285894244538259e-01
-6.868472444505152597e-02 9.757366104553473196e-01 -2.078953478195642024e-01 3.740240668987378503e-01 2.183732228754124982e-01 9.013429607599618976e-01 9.248721025138750829e-01 -1.584937059051599872e-02 -3.799478799038739085e-01
6.473255894769980312e-01 -7.553360943636957536e-01 -1.021614690558783900e-01 2.497204826910962849e-01 3.368016757167344721e-01 -9.078569886049925319e-01 7.201453059853845096e-01 5.621672489444733412e-01 4.066432373486854601e-01
-6.741041787230527271e-01 7.353698039760403482e-01 6.938881486492370909e-02 -3.133060342521463704e-01 -3.697412085663739356e-01 8.747175358874829110e-01 6.688967671691284922e-01 5.679108117372987374e-01 4.796398907332158901e-01
7.319822513159257582e-01 -6.674331467100516058e-01 -1.368757773719935233e-01 2.107802826285954390e-01 4.128769056347654232e-01 -8.860611340356095988e-01 6.478994182845654315e-01 6.197303086554500906e-01 4.429003142021261663e-01
7.793548699374726052e-01 -5.790374822264714449e-01 -2.394192575411880630e-01 8.138798694104144860e-02 4.724163686589775146e-01 -8.776096912664251848e-01 6.212744822430984470e-01 6.644835353866143102e-01 4.153066925943721399e-01
7.809180515410427681e-01 -5.983320514297233439e-01 -1.793481335538230637e-01 1.835641375808791664e-01 4.942760706425491923e-01 -8.497031089647429924e-01 5.970520950231474888e-01 6.306266107785654107e-01 4.958214130172376444e-01
8.195253162958794357e-01 -4.631329701140266542e-01 -3.374701585970216189e-01 -6.663253190414827887e-02 5.078983832329300174e-01 -8.588360367389217265e-01 5.691558324766438082e-01 7.263243657641783591e-01 3.853758607581468931e-01
8.745620738740033095e-01 -3.979140144874050988e-01 -2.771382615513773851e-01 -2.849013154027800476e-02 5.283692880921909696e-01 -8.485365094123934471e-01 4.840759148584238836e-01 7.499935549559535453e-01 4.507551177507711504e-01
9.301514297251103347e-01 -2.814023025172637249e-01 -2.358623791924339130e-01 -5.966285193171966955e-02 5.179973154017412096e-01 -8.532989659761476275e-01 3.622963729872365479e-01 8.077694753916934145e-01 4.650266796063661778e-01
1.875728572516575654e-01 9.821879803328359415e-01 1.109930232736976163e-02 2.375846469811743883e-02 -1.583324271031351371e-02 9.995923387964038564e-01 9.819633183462799231e-01 -1.872326886923898481e-01 -2.630516503238542955e-02
3.512128791511062720e-02 9.982272243868253181e-01 4.805105231062684057e-02 -4.064190680538719985e-02 -4.661431544739386146e-02 9.980858384961651675e-01 9.985563231718109778e-01 -3.700694648772770434e-02 3.893270303033598279e-02
1.161903829189463990e-03 9.978024403516614349e-01 6.624907552381864573e-02 -4.995277135759863124e-02 -6.610850062582940279e-02 9.965612809951528428e-01 9.987509051876685140e-01 -4.467233290703809256e-03 4.976618544292136376e-02
1.043060054805339809e-01 -9.881826387178679338e-01 -1.123179850125831658e-01 2.998468840267894953e-01 1.389252492135552020e-01 -9.438175783859805712e-01 9.482679491368037894e-01 6.476764367756171481e-02 3.107942228747769264e-01
4.505687595362415504e-02 -9.617023130913379125e-01 2.703674146861455574e-01 3.336992271716442415e-01 -2.406073930204171152e-01 -9.114564763108361500e-01 9.416022003555148956e-01 1.312887787234269243e-01 3.100783011869162054e-01
1.479027633615514481e-01 -9.662723853729106027e-01 -2.108137800423918184e-01 3.906865053054024428e-01 2.529049069618980461e-01 -8.851006511164960511e-01 9.085641568773603627e-01 4.854673315825425162e-02 4.149149160218182364e-01
2.802103844746058336e-01 6.833772397872452942e-01 -6.741496040000017897e-01 -2.984898493059310320e-01 7.294979143049608039e-01 6.154157967472353441e-01 9.123518785501107953e-01 2.878091668932492020e-02 4.083940603640142664e-01
6.132007000350457870e-01 1.408718901144467850e-01 -7.772644415204601476e-01 -1.626969054700925232e-01 9.853962589325545585e-01 5.023872840928056416e-02 7.729906975035246708e-01 9.565209593787715736e-02 6.271650963787012145e-01
6.915260828454816711e-01 -5.236680388397418895e-03 -7.223325092524173208e-01 1.605964698656931616e-02 9.998380130262329857e-01 8.126219688201485880e-03 7.221729463799170246e-01 -1.721989797484024809e-02 6.914981638664600139e-01
8.371805189031555905e-01 9.850304465334369652e-02 -5.379832050938621046e-01 2.913893378507638812e-02 9.742176321140929574e-01 2.237206468251835556e-01 5.461498890477888279e-01 -2.029708241891698961e-01 8.127257490820977148e-01
7.158590192226157445e-01 -2.181728124907740263e-01 -6.632846210244138785e-01 1.760167445328306712e-01 9.756388472363359821e-01 -1.309463455290656997e-01 6.756951755353141076e-01 -2.301007721018710761e-02 7.368219364982846464e-01
-6.680092756498567930e-01 6.738310530963212974e-01 3.157773258624754220e-01 2.256797388331960308e-01 5.878031408963730886e-01 -7.768887455952356857e-01 -7.091066655489386417e-01 -4.477043437755104938e-01 -5.447279664553722478e-01
7.080168286859165327e-01 -5.818837943879450192e-01 4.001542454182200892e-01 6.378276848031075863e-01 2.836818552756145140e-01 -7.160310394711200122e-01 3.031303594103458843e-01 7.621914817262605002e-01 5.719931209268884764e-01
-6.617671312257391580e-01 3.516863131556837718e-01 -6.621034671168982699e-01 -7.390626971581598648e-01 -1.577169956483470692e-01 6.549134896709375431e-01 1.258991409762635905e-01 9.227361954657582466e-01 3.642901589101978921e-01
7.002750642565858108e-01 -3.176829542338791557e-01 6.392905246988022094e-01 -3.114661881045185376e-01 6.698252595977376433e-01 6.740348175520788354e-01 -6.423423137611868894e-01 -6.711271579917316155e-01 3.701144279244816260e-01
-6.230259941901943321e-01 2.261646767026620486e-01 -7.487911254651060666e-01 5.505468492307177275e-01 -5.532232400803298589e-01 -6.251737465994162690e-01 -5.556408708558516762e-01 -8.017440898734470300e-01 2.201582089942332177e-01
6.173046663643562137e-01 -2.289156440085017286e-01 7.526835834618446075e-01 -4.941854339161927956e-01 6.315918058528189327e-01 5.973881047398243993e-01 -6.121402664339727906e-01 -7.407357279811389583e-01 2.767577921258897455e-01
5.237006234923520243e-01 -1.427005764847549818e-01 8.398655859270816038e-01 -5.883443402755513807e-01 6.524109722817090784e-01 4.777142037998879376e-01 -6.161076157778344609e-01 -7.443093904535622585e-01 2.577109564283186494e-01
7.009375667906062590e-01 -3.124555864109248571e-01 6.411380771583211624e-01 -4.549625148582373546e-01 4.964051648851957044e-01 7.393179440194658225e-01 -5.492682746486753365e-01 -8.099095127209623435e-01 2.057934490418990015e-01
9.038689899623154611e-01 -3.511291739598089712e-01 2.443954831391244031e-01 -1.733012102834157464e-01 2.217807023028747770e-01 9.595728271477611537e-01 -3.911362160409171951e-01 -9.096821550851407201e-01 1.396095885705814499e-01
7.976093252182319127e-01 -1.394682958320409560e-01 5.868287303657031551e-01 -5.015293256652256781e-01 3.871476249279634518e-01 7.736827851325249750e-01 -3.350935687575946065e-01 -9.114084216038073061e-01 2.388451155183123897e-01
8.068627217192941847e-01 9.147873221496183316e-03 5.906681510926895529e-01 -5.255595744834784533e-01 4.676758666417640264e-01 7.106802497815878361e-01 -2.697400266339388675e-01 -8.838527027601362773e-01 3.821579749987217278e-01
-8.153244503985637159e-01 4.523956754609606001e-01 -3.613643499385367774e-01 -5.374155682871928352e-01 -8.235480242780837123e-01 1.815300489456740385e-01 -2.154774873271766145e-01 3.422087148684066493e-01 9.145833192898720210e-01
-7.586998496801526937e-01 -2.445036539821702215e-01 -6.038149561618039174e-01 5.959086603960047634e-01 -6.349585130810153633e-01 -4.916508467713500141e-01 -2.631870182215541032e-01 -7.328339851939958960e-01 6.274447733341426137e-01
9.722603532670246462e-01 1.335700123076747070e-01 1.920126487427533390e-01 -2.146914134635409879e-02 8.684092258408213638e-01 -4.953831773934148641e-01 -2.329138927477933663e-01 4.775190763589166609e-01 8.471874941702079997e-01
-9.941761159733389919e-01 9.948421145651256681e-02 -4.143358660606263899e-02 -1.076937584248848917e-01 -9.313597833443237883e-01 3.478088675769153149e-01 -3.988085316128766981e-03 3.502454077353329698e-01 9.366494806147184216e-01
-9.184334708824133386e-01 3.756312153286924249e-01 -1.240207629132018541e-01 -3.838673161416158996e-01 -7.706012144348681758e-01 5.087432082197645977e-01 9.552927907775592142e-02 5.148543079184589866e-01 8.519384945268577702e-01
-9.720264826089966004e-01 2.348711426035656469e-01 2.519501487497008418e-04 -2.107271833676180040e-01 -8.725781749055044889e-01 4.406828597398919634e-01 1.037235329938784451e-01 4.283023173538460515e-01 8.976628284899588195e-01
-9.165361931978325272e-01 3.974367184533400543e-01 4.478237804612091033e-02 -3.162116504063465228e-01 -7.886382341350459679e-01 5.273138797790654086e-01 2.448909935169516217e-01 4.691415463219990034e-01 8.484896055986094199e-01
9.229248336151147925e-01 -3.407178201682339314e-01 -1.792236550132814688e-01 2.071672620854706770e-01 8.319347063811176612e-01 -5.147488415126094674e-01 3.244864820243250625e-01 4.379452149965455954e-01 8.383987784134152577e-01
9.451934122925746973e-01 -8.083090582583463135e-02 -3.163475589001659705e-01 -5.036832897821699739e-02 9.211791233656049238e-01 -3.858653315747839763e-01 3.226026112644797550e-01 3.806512673547153280e-01 8.666211212903757177e-01
9.317285199906818471e-01 9.709937584737748928e-02 -3.499338169511816976e-01 -2.359992349770303199e-01 8.942783872408148760e-01 -3.802243116953772928e-01 2.760187061165055300e-01 4.368499482934806721e-01 8.561400566202665985e-01
8.271813526558353669e-01 3.025068019151204712e-01 -4.735616587241293640e-01 -4.848204491779163905e-01 8.102726793023602436e-01 -3.292526647349995894e-01 2.841129033982539576e-01 5.019440406771069618e-01 8.169039344692576865e-01
-7.014796826708485922e-01 -4.269323134861822133e-01 5.706619441502489565e-01 6.397232636015039997e-01 -7.301288861280101905e-01 2.401373682884688776e-01 3.141343674401867458e-01 5.335172062293842554e-01 7.852891122702176929e-01
-5.899711384363596212e-01 -5.055420772419618736e-01 6.295722865167973081e-01 7.300097639717790798e-01 -6.671333153925561588e-01 1.483876140356865658e-01 3.449924641466436404e-01 5.471383258657893656e-01 7.626400540561766306e-01
-5.142383812458892756e-01 -5.435180125692000708e-01 6.634357973959753574e-01 7.768963439873385335e-01 -6.228879621155023472e-01 9.188393412726469922e-02 3.633055985705622715e-01 5.626710910153664980e-01 7.425700541921027575e-01
2.561478878229135336e-01 6.207189598897258076e-01 -7.410102781994843957e-01 -8.874482970562769246e-01 4.548835900365331697e-01 7.427273771303583016e-02 3.831759121027494830e-01 6.385835046013114136e-01 6.673734546978424831e-01
1.890270387050674294e-01 6.224382883260312083e-01 -7.594994113652447920e-01 -8.915273460731618638e-01 4.330075105230506427e-01 1.329792729502405346e-01 4.116403403969749464e-01 6.519778163836482676e-01 6.367708827368536717e-01
1.574301887440891501e-01 6.370277181975119163e-01 -7.545935474943260557e-01 -8.691906502548235602e-01 4.520866388618375864e-01 2.003129663107291181e-01 4.687465724478390161e-01 6.243503481305012759e-01 6.248706214951420534e-01
1.562637219239828290e-01 6.684809109541830496e-01 -7.271278573265707035e-01 -8.539466947747859082e-01 4.613737275125975867e-01 2.406435663888609744e-01 4.963433203878973576e-01 5.833245711017126522e-01 6.429430402884225293e-01
2.805719539928257580e-02 7.717462458182313689e-01 -6.353113613432335161e-01 -8.817354705963977857e-01 3.185168709797315811e-01 3.479792562688616142e-01 4.709090715610345645e-01 5.504132401811815400e-01 6.894127293245878585e-01
-1.985115343147038081e-01 8.051524902364297631e-01 -5.588583346520815676e-01 -8.871404571466539046e-01 9.477469439682123520e-02 4.516631118384753507e-01 4.166233071224509921e-01 5.854461758078747247e-01 6.954694782621930749e-01
-2.010969934920087132e-01 7.740431929086842855e-01 -6.003475116298930825e-01 -8.925766884368691034e-01 1.076997293145378620e-01 4.378442914606143210e-01 4.035676578562102379e-01 6.239053644722931669e-01 6.692348180684773995e-01
3.211485960401541662e-01 -7.580981685201153564e-01 5.675832504116768984e-01 8.358184674046673646e-01 -5.490383797301118252e-02 -5.462536573068836887e-01 4.452763959685612227e-01 6.498251576095526172e-01 6.160001588725195765e-01
3.857635155646339520e-01 -7.702897660233436472e-01 5.077796632585012127e-01 7.902443094643976096e-01 -8.163469715314730646e-03 -6.127375368959735447e-01 4.761306978323827654e-01 6.376417757031841438e-01 6.055679354620244759e-01
4.257676285370412539e-01 -7.776517585576878666e-01 4.625793649765189697e-01 7.658156861071080401e-01 3.741668241376389092e-02 -6.419706588228522026e-01 4.819214265855415458e-01 6.275808587658510129e-01 6.114687271712868633e-01
-4.973157727394288963e-01 7.686734292908237176e-01 -4.022663064275577294e-01 -7.125004864244091074e-01 -9.731953246719571293e-02 6.948898944763457486e-01 4.949950292978356758e-01 6.321946438421093273e-01 5.960787307627939402e-01
-6.560606739705722168e-01 7.315908179925338928e-01 -1.853625288409007088e-01 -5.407850524488242439e-01 -2.843789421239932280e-01 7.916313184332470776e-01 5.264370039398836854e-01 6.195994611888018255e-01 5.822032193120760812e-01
7.546132821175819405e-01 -6.533013607874305073e-01 -6.128724536983209958e-02 3.473588801586194874e-01 4.769667691322002634e-01 -8.073688806973798870e-01 5.566871678300843174e-01 5.879626120229769493e-01 5.868554882050928123e-01
8.216604942850764814e-01 -3.075403273880581434e-01 -4.798885070110035511e-01 -7.151687686883975714e-02 7.796621313512810403e-01 -6.221031242966914565e-01 5.654726947025214834e-01 5.454776878725869915e-01 6.186232484954354849e-01
7.834956020721449699e-01 -4.329936227219344236e-02 -6.198869306256009626e-01 -2.758917590828374733e-01 8.696165575498983058e-01 -4.094518043741434132e-01 5.567929406914070567e-01 4.918253837104035187e-01 6.693948111050231908e-01
8.005584940507425307e-01 1.279119882103463279e-02 -5.991180875553063778e-01 -3.023660394976363519e-01 8.717960774353510356e-01 -3.854171474219185711e-01 5.173788512895757252e-01 4.897019344469202284e-01 7.017913789989324025e-01
2.446161613903497997e-02 8.143019785589983295e-01 -5.799257858129498455e-01 -8.904395896060464111e-01 2.814487534053717877e-01 3.576365983352065014e-01 4.544435791141537284e-01 5.076405095355009944e-01 7.319714109720781847e-01
9.005723762460724480e-01 -3.913675864439158381e-01 -1.892110129552889985e-01 2.046674981166768659e-01 7.657352953652690752e-01 -6.097217993860185592e-01 3.835108999196274460e-01 5.103732650844168273e-01 7.697002792840270669e-01
7.371726894994289347e-01 3.841819946327039159e-01 -5.558602529918968971e-01 -5.770326475378142472e-01 7.859601454239502072e-01 -2.220359733931949187e-01 3.515817821384934483e-01 4.844283691168387307e-01 8.010739077408031150e-01
1.313607901134983824e-01 8.419157873726154095e-01 -5.233757252619828382e-01 -9.342371418500852176e-01 2.817239602827010247e-01 2.187065910996172091e-01 3.315800138858514545e-01 4.602275710725951541e-01 8.235564808900956990e-01
-3.419634365703975165e-01 8.536943439372700615e-01 -3.927683479845056058e-01 -9.032318023028582665e-01 -1.832716664427174180e-01 3.880512950474971912e-01 2.592938860785077293e-01 4.874602172575965842e-01 8.337560897729519027e-01
8.155566643815739258e-01 -5.662593175375254528e-01 1.192380496516809996e-01 5.288043581853124619e-01 6.455917029569164800e-01 -5.509784967105415543e-01 2.350176119932728402e-01 5.124077852405490852e-01 8.259570107928468907e-01
9.375566473808761847e-01 -3.260552794885088757e-01 -1.211424272069935998e-01 1.692768094514788269e-01 7.319585549644117561e-01 -6.599863904629683642e-01 3.038632829643278521e-01 5.982680239926585486e-01 7.414462062308099233e-01
8.922485205784084217e-01 3.181646179600750024e-02 -4.504223465642270829e-01 -3.105701198738090030e-01 7.673418504961480036e-01 -5.610104144476419918e-01 3.277785504989756404e-01 6.404484344862828582e-01 6.945408732370330629e-01
4.234752413091946166e-01 4.685857345521590167e-01 -7.753038948517756435e-01 -8.447613344509908861e-01 5.133545088066928663e-01 -1.511470677996108458e-01 3.271803903272637037e-01 7.189537938296539643e-01 6.132360349190567606e-01
-3.435188864280264154e-02 6.424057410778234445e-01 -7.655944171537073517e-01 -9.367381346050954738e-01 2.463069615864142969e-01 2.487057455119091876e-01 3.483412334525420317e-01 7.257049982632893803e-01 5.933048462404808543e-01
-3.337270569225843087e-01 7.950681076371327594e-01 -5.064513359604245757e-01 -8.278553730694748758e-01 9.771216284515382711e-03 5.608564919944509786e-01 4.508677552872801253e-01 6.064414461022842318e-01 6.549404856103944184e-01
-4.880517156334469586e-01 8.084553495877609963e-01 -3.289459995047512297e-01 -7.273187978774267037e-01 -1.683605940711267734e-01 6.653285478755230908e-01 4.825068798694830408e-01 5.639633481769432688e-01 6.701734497812250613e-01
8.622587497773119836e-01 -4.915341032729529380e-01 -1.220822417557963224e-01 2.791386364862253888e-01 6.623498879640516979e-01 -6.952512118181592982e-01 4.226008400998248482e-01 5.654085701805922071e-01 7.083231456851175611e-01
7.055038831841177194e-01 3.582470158878491295e-01 -6.114927198418487198e-01 -5.890783108589773276e-01 7.761375897373126165e-01 -2.249381814461234308e-01 3.940190534576530346e-01 5.189118589936122516e-01 7.586036304343191095e-01
3.983843721101694157e-01 6.394704282107599447e-01 -6.575465485441570612e-01 -7.940942578615274305e-01 5.992345701070638242e-01 1.016476247629647389e-01 4.590252734760210118e-01 4.816591133078976794e-01 7.465254830732264146e-01
2.789579145850253905e-01 7.198652730367541830e-01 -6.355914336789734165e-01 -8.355343554469110146e-01 5.081919513597570326e-01 2.088618716785742291e-01 4.733548592317276538e-01 4.727948067067591076e-01 7.432363338755916260e-01
-8.363745315979462802e-01 4.961823721643756069e-01 2.329821805367288667e-01 -2.779776995389147687e-01 -7.502417135212458010e-01 5.998881311142584272e-01 4.724468662753185666e-01 4.369673040926955743e-01 7.654106960975874951e-01
6.786032497723983870e-01 4.132635674161121431e-01 -6.072156562909496458e-01 -5.696131095627380292e-01 8.180258136237553712e-01 -7.984155346347732163e-02 4.637224760701256221e-01 4.000587358022591467e-01 7.905153212276725405e-01
2.951429411625827379e-04 9.036005979631863694e-01 -4.283758539544640920e-01 -8.863274166498582574e-01 1.985996811810442630e-01 4.183083517329962420e-01 4.630589847799445047e-01 3.795578032333940532e-01 8.009445989699958135e-01
5.006565535551756874e-01 -8.622281948002638030e-01 7.684761202361412025e-02 7.319825135153043005e-01 3.742883908247257585e-01 -5.693064204816723484e-01 4.621088781770706921e-01 3.412780986018818519e-01 8.185258970396802614e-01
8.457051443217280529e-01 -4.544134532602694954e-01 -2.798056867968231054e-01 2.833368490704117337e-01 8.266652605039124246e-01 -4.861530386975373430e-01 4.522201220938932287e-01 3.318628641051533101e-01 8.278671394621899271e-01
4.683978895553733701e-01 7.272991694700892129e-01 -5.016366565036798342e-01 -7.819413892014037692e-01 6.055643459465835932e-01 1.478495409937597982e-01 4.113041221697770755e-01 3.229980510876270250e-01 8.523503845718283234e-01
-4.560787020063861164e-01 8.820783693045759488e-01 -1.180252853466148277e-01 -7.978251702774608045e-01 -3.465011545857272779e-01 4.933679636361675280e-01 3.942933111883981656e-01 3.191781638454260772e-01 8.617761220156610058e-01
7.568021360119795427e-01 -6.456421686510510627e-01 -1.019642927071658933e-01 5.283498020000260142e-01 6.960865913870308841e-01 -4.861172122212067959e-01 3.848337480708239333e-01 3.140217306982943102e-01 8.679247311806533860e-01
8.781525055188186268e-01 2.247928254342533849e-01 -4.222752214898555234e-01 -3.286936650253361458e-01 9.248812473399332656e-01 -1.911940189732436179e-01 3.475753898411585996e-01 3.066966970024522787e-01 8.860747623223179659e-01
5.728343695207922526e-01 6.859485841766070902e-01 -4.487040505297724136e-01 -7.471072918439186639e-01 6.621302196993346101e-01 5.843172626712767048e-02 3.371816714611908794e-01 3.017583669544535718e-01 8.917681360104873223e-01
7.135806583196401265e-01 -6.982227618980412220e-01 5.733776102691867660e-02 6.473977830386391519e-01 6.259285126732992977e-01 -4.348443486343664954e-01 2.677288826196459470e-01 3.474168559383127297e-01 8.986783482543536650e-01
9.744191521744721696e-01 -2.350453515396702664e-02 -2.235058225254518138e-01 -5.742641684204600333e-02 9.354593143460612215e-01 -3.487378354177829154e-01 2.172775242041072585e-01 3.526519644499276351e-01 9.101796907453717500e-01
1.784110056454948912e-01 9.123078225682378362e-01 -3.685972733829754322e-01 -9.726086030257761195e-01 2.202399736100985050e-01 7.434284998889564844e-02 1.490034173595073397e-01 3.452372965150547479e-01 9.266116720126963413e-01
-3.634275564896973232e-01 8.885476345842218127e-01 -2.800062718203154555e-01 -9.233194492913016083e-01 -3.034968714748458862e-01 2.353101008571207298e-01 1.241032060195682296e-01 3.440534116670921350e-01 9.307124390357631727e-01
9.523935157971139542e-01 -3.042902473183864975e-01 1.881585646543104673e-02 2.889210547728595646e-01 8.811440095769418335e-01 -3.743125144790228065e-01 9.732016839561481725e-02 3.619291087679818997e-01 9.271117004168719644e-01
9.737073428381780582e-01 -2.277277387469021919e-01 5.838450842250653139e-03 2.119790654433796606e-01 8.963892101287536107e-01 -3.892958512217927769e-01 8.341993956342866334e-02 3.802978582242758643e-01 9.210942691783844394e-01
2.031055551307324181e-01 8.992099346016033667e-01 -3.875172602463240468e-01 -9.780562664480710877e-01 2.050718964662301413e-01 -3.676216725661740625e-02 4.641199345747514665e-02 3.864802851291692098e-01 9.211291527629441589e-01
-3.366480701095536099e-01 8.671777983003646773e-01 -3.669751258960817220e-01 -9.410396809041791100e-01 -2.960314675605681400e-01 1.637366457995795554e-01 3.335259892832475453e-02 4.004597811876594582e-01 9.157071408457279071e-01
-8.954302375987703844e-01 -3.985727091683825551e-01 1.983544431062376490e-01 4.447113688738112969e-01 -8.216703848115329833e-01 3.564962511977489701e-01 2.089229494792063657e-02 4.074279988290485655e-01 9.129983229896788677e-01
-8.195419405848437533e-01 5.264938732309942804e-01 -2.261751734224029531e-01 -5.724717040570549420e-01 -7.350309411506915636e-01 3.633258366881444434e-01 2.504307641724315414e-02 4.272396482085373259e-01 9.037915286846881502e-01
9.982695099052349974e-01 -2.178760743991169091e-02 -5.461946315743279601e-02 -4.309522469345940243e-03 8.992256700345367948e-01 -4.374638526404489580e-01 5.864651404515067168e-02 4.369422095803776607e-01 8.975756747357681586e-01
9.847974969016392022e-01 1.226339198851414403e-01 -1.230236228936164855e-01 -1.655315354341918566e-01 8.772400176664675309e-01 -4.506098780334653053e-01 5.266118943837962141e-02 4.641237691587670744e-01 8.842035546347881692e-01
-7.896921702988773939e-01 5.661243464152321270e-01 -2.364096033679155551e-01 -6.092402053496003278e-01 -6.782948732768622202e-01 4.107827127227995367e-01 7.219867280099731555e-02 4.684221272338139341e-01 8.805498636440318716e-01
8.535958755562957911e-01 4.196469508327666520e-01 -3.086592261540905269e-01 -5.126641062039781760e-01 7.818754152553361036e-01 -3.547482899597561579e-01 9.246402242687047635e-02 4.610501834681956512e-01 8.825435586307264213e-01
3.466526890922530524e-01 8.397411201710700546e-01 -4.179315305632564925e-01 -9.322137198580299211e-01 3.578158864122241711e-01 -5.427128098256728261e-02 1.039687147826891811e-01 4.084147922454214319e-01 9.068560325771477526e-01
8.263286833673952891e-01 4.824637788448885578e-01 -2.905333184800280577e-01 -5.553462432720401853e-01 7.838180627869086869e-01 -2.778844985468059692e-01 9.365605761475861990e-02 3.909705187756336020e-01 9.156257949186299427e-01
-1.645055585874807269e-01 -9.087271716047942149e-01 3.836050687633991707e-01 9.842805340499656275e-01 -1.765707974910462885e-01 3.818869425668863782e-03 6.426314250124491589e-02 3.782032271947541879e-01 9.234893434443831595e-01
9.996021513477079123e-01 1.725351258611534586e-02 -2.231267183631224782e-02 -2.410139200982455362e-02 9.334286256557782213e-01 -3.579526836183152261e-01 1.465134547483497307e-02 3.583480390762666667e-01 9.334730960054344884e-01
-7.209697358285741542e-01 -6.427620865806507044e-01 2.589585682570945679e-01 6.929643039657142900e-01 -6.677827731842220782e-01 2.717841814155180780e-01 -1.764496695714225542e-03 3.753972134857667675e-01 9.268623515164117199e-01
3.636322939275371535e-01 -8.548275888020514524e-01 3.701909618505927480e-01 9.313203726326216847e-01 3.422857876452328751e-01 -1.244299123825016173e-01 -2.034498297939215869e-02 3.900131190087745003e-01 9.205845146800023526e-01
-9.427369958038817055e-02 9.076231748239662611e-01 -4.090631272675289143e-01 -9.948993211884553656e-01 -1.007032273813942003e-01 5.848135918560079527e-03 -3.588607342936061401e-02 4.075279530503824743e-01 9.124873463322038525e-01
8.544258656520254958e-01 -4.544299908868452142e-01 2.518924839834811302e-01 5.179915890344073404e-01 7.828245935385048648e-01 -3.447758249078438642e-01 -4.051115641889699304e-02 4.250635706972032413e-01 9.042564940722004341e-01
9.893333734085035802e-01 1.433875789226927711e-01 -2.568031290384045762e-02 -1.397908770895509301e-01 8.849663204185796994e-01 -4.441769044055911553e-01 -4.096323891838455494e-02 4.430289086904918294e-01 8.955709905539745996e-01
4.710946145426700982e-01 7.924847155173302404e-01 -3.873471825382359124e-01 -8.800014484199240039e-01 3.920965103486761527e-01 -2.680630100391067083e-01 -6.055835968492671861e-02 4.671491220625453300e-01 8.821022519121377581e-01
3.726596590514266727e-01 -8.077873394343184632e-01 4.567322987979934856e-01 9.266131520509386377e-01 3.505105695173383884e-01 -1.361264379275937131e-01 -5.012828504844602656e-02 4.739429869786622174e-01 8.791275221103280746e-01
9.274662541430014340e-01 -3.006963851157995471e-01 2.222341814488495715e-01 3.697686010696252801e-01 8.257975695862544985e-01 -4.258280823624099876e-01 -5.547548187228099753e-02 4.771163988417562729e-01 8.770874602155203092e-01
5.910311949981645885e-01 -6.902720923354808136e-01 4.173805997909332266e-01 8.046814424037187496e-01 5.406435383166933173e-01 -2.453412739990500357e-01 -5.630188975613698021e-02 4.808627694251277895e-01 8.749863394308987630e-01
-6.374456100964716043e-01 6.372139554913197612e-01 -4.331529396135312959e-01 -7.657080228840299485e-01 -5.864747148769277052e-01 2.640807310294643329e-01 -8.575731956962462377e-02 5.000057837036817610e-01 8.617655704442478415e-01
8.736290784712539281e-01 4.495425304735213290e-01 -1.862357284328944873e-01 -4.786869136730483865e-01 7.252858156985892979e-01 -4.947922030757999079e-01 -8.735600682059070643e-02 5.214134624670667684e-01 8.488209052741724214e-01
1.617956257436304890e-01 8.373782892687871016e-01 -5.221300375878663580e-01 -9.841388897289043980e-01 9.791246196842864902e-02 -1.479317258550053582e-01 -7.275177807714737488e-02 5.377831816378797480e-01 8.399383479363546900e-01
9.632184544135513615e-01 2.433037778311937238e-01 -1.140766442802315511e-01 -2.657358767924144494e-01 7.993470017524700877e-01 -5.389144779783738848e-01 -3.993310484467784555e-02 5.494066276287589146e-01 8.346003262969995395e-01
3.038515519865657155e-01 -8.040739896206031689e-01 5.110178603248248796e-01 9.526352829325794858e-01 2.635483362888497716e-01 -1.517507566746986725e-01 -1.265907055512507061e-02 5.329233468848836308e-01 8.460688236057952727e-01
-8.982448409102939957e-01 3.766387458348864348e-01 -2.264938429935003938e-01 -4.394081108640420230e-01 -7.593543293609852363e-01 4.798974000634118053e-01 8.758874638584424749e-03 5.305885954453339881e-01 8.475842285569106238e-01
9.863465533060583601e-01 -1.488834218559778044e-01 7.038610287346423744e-02 1.635605806447372745e-01 8.358252805138455255e-01 -5.240649166974526985e-01 1.919409389409507810e-02 5.284220161484630696e-01 8.487648435280398251e-01
-6.766028603937511710e-01 -6.241629506643939784e-01 3.906778472410630254e-01 7.360640175200342528e-01 -5.880359124448982788e-01 3.352961792018550602e-01 2.045315181727981949e-02 5.144262597234060541e-01 8.572906694276603012e-01
-6.349784872286862170e-01 6.806662523671219711e-01 -3.653707345221655634e-01 -7.719193929769445628e-01 -5.402316630217445237e-01 3.350973008170405887e-01 3.070458439508735524e-02 4.948163327511108101e-01 8.684549644857050277e-01
9.923184994433577044e-01 -1.150745826797135302e-01 4.540744524384572600e-02 1.224922311710779227e-01 8.626143440412606944e-01 -4.908076474108736820e-01 1.731037160820882159e-02 4.925995674737799757e-01 8.700839138608590373e-01
-9.091104426298342034e-01 -3.656545791999510353e-01 1.995367931272166440e-01 4.164805791480553632e-01 -7.888154235637588885e-01 4.520112329803627760e-01 -7.882277201886047843e-03 4.940313312514035271e-01 8.694083697826233692e-01
-3.482775290865041118e-01 -8.173282357822997390e-01 4.589959887911797543e-01 9.373041796411279991e-01 -2.969590443857300643e-01 1.824176548056303804e-01 -1.279208976951839473e-02 4.937508288099450304e-01 8.695093337560103608e-01
6.903272199235818141e-01 -6.308919257126356372e-01 3.541520965675357124e-01 7.234966934827398166e-01 6.025958923797353206e-01 -3.367947817389881360e-01 -9.294902479913348713e-04 4.887264762192372047e-01 8.724365693219228168e-01
5.994389858770858837e-01 -6.987933365549514608e-01 3.903341837413796256e-01 8.004200508080089316e-01 5.228405468634210740e-01 -2.931987462798289479e-01 8.027920997803746983e-04 4.881860663127913225e-01 8.727392051368423331e-01
2.390291985309075662e-01 -8.546816602427860232e-01 4.608517135633839468e-01 9.707285921289622310e-01 2.218048863161364015e-01 -9.213355973590087178e-02 -2.347429813636537493e-02 4.693845460290753113e-01 8.826817689723086557e-01
9.843864535663515714e-01 1.691565565481341349e-01 -4.867616882869053863e-02 -1.722927571024906457e-01 8.693505996069237352e-01 -4.631897460146376932e-01 -3.603492590645099303e-02 4.643442627403300271e-01 8.849214031624820231e-01
3.130075221235512073e-01 -8.343076645387137447e-01 4.538248692899408132e-01 9.483914127062088584e-01 3.001229631126868247e-01 -1.023715552171708398e-01 -5.079389135709106579e-02 4.624466757415583440e-01 8.851909696197686195e-01
9.273240591679996481e-01 3.590435458080030728e-01 -1.056305898014422429e-01 -3.665225539170320901e-01 8.141408075728693294e-01 -4.503731374257708420e-01 -7.570539451267919995e-02 4.563578394836803609e-01 8.865699157897628524e-01
-4.574627769875520139e-02 8.790437182255013138e-01 -4.745412727308276901e-01 -9.940721956647635693e-01 -8.696028242392836449e-02 -6.525625707153887012e-02 -9.862934595212791145e-02 4.687430540595090012e-01 8.778110282902689132e-01
9.193728282788335981e-01 -2.953210470429162848e-01 2.598828232031777374e-01 3.837251957646797274e-01 8.187509677075619496e-01 -4.270852690193016055e-01 -8.665204416478920757e-02 4.923741789040191330e-01 8.660595194273064124e-01
7.808683359361596743e-01 5.674571408744092382e-01 -2.612221950809958670e-01 -6.194064637345122470e-01 6.490152345393509492e-01 -4.417180752694388479e-01 -8.111889185756622489e-02 5.067263744926566726e-01 8.582820671418741609e-01
-8.355625783617741664e-01 4.449079505000388401e-01 -3.223229641575032778e-01 -5.462884554147360294e-01 -7.351287160504548224e-01 4.014407731142815017e-01 -5.834467518125605739e-02 5.115102016772147264e-01 8.572941224913004366e-01
9.596698976533789560e-01 -2.004914979263136832e-01 1.970706644765176929e-01 2.731718968385890567e-01 8.306336909440255045e-01 -4.852059214872714854e-01 -6.641387140922112853e-02 5.194716842407948176e-01 8.519027919642425672e-01
8.657286881446981663e-01 4.495632036632589146e-01 -2.200153731794383394e-01 -4.962677734167371124e-01 7.138696608746605277e-01 -4.940732783208288126e-01 -6.505486600750326476e-02 5.369199504532539136e-01 8.411211751073807141e-01
-2.794399811089920416e-01 -8.075938085985064907e-01 5.193318180808539353e-01 9.590667730936915936e-01 -2.089282699749990535e-01 1.911541334967871431e-01 -4.587179640541390324e-02 5.514899983849328446e-01 8.329192997979619761e-01
5.371197390947181072e-01 -7.033766632946263364e-01 4.655788390888700445e-01 8.434553691657538099e-01 4.539106233550406211e-01 -2.873120015434442176e-01 -9.242624101616822227e-03 5.470159189072619776e-01 8.370711787905256163e-01
-8.946594180406725050e-01 3.891762452392389937e-01 -2.193772455215282635e-01 -4.463158468481403518e-01 -7.569945840566939532e-01 4.772435065677269606e-01 1.966444922576361665e-02 5.248819389637258137e-01 8.509478594992333500e-01
-7.734116916465014757e-01 -5.413742732290278692e-01 3.297699978928321229e-01 6.336489766338629925e-01 -6.750090659265073345e-01 3.779573194527157676e-01 1.798136911792141968e-02 5.012750314974463439e-01 8.651011577624199145e-01
-8.959925183388047776e-01 3.908693269697179340e-01 -2.107571500925323471e-01 -4.440145223790659124e-01 -7.811110138982563234e-01 4.389950886779118711e-01 6.964983659462134317e-03 4.869155503791979811e-01 8.734212819719622267e-01
-8.141184797227439818e-01 -5.045252394671391194e-01 2.875158842821626815e-01 5.806125462870622700e-01 -7.157544817948013893e-01 3.880523068926523544e-01 1.000859970136217837e-02 4.828558838113926610e-01 8.756426345266298261e-01
4.022954318699589749e-01 -8.064375864443081854e-01 4.333783620191971608e-01 9.155084147767271752e-01 3.552200564973291841e-01 -1.888466413125693133e-01 -1.651656612956827700e-03 4.727336783347610982e-01 8.812038024194627228e-01
-9.930426397862619492e-01 1.025130830500295409e-01 -5.794293200995446341e-02 -1.176737349207059580e-01 -8.822180588588430794e-01 4.558993186364140304e-01 -4.382656288585352194e-03 4.595458240773306891e-01 8.881432473970305441e-01
9.984438966640395430e-01 5.470412713680439243e-02 -1.082791247328494799e-02 -5.371658503310619559e-02 8.913076862589912608e-01 -4.502056606796777105e-01 -1.497710608595161953e-02 4.500867326303279459e-01 8.928592382920421677e-01
-8.483812850053797927e-01 -4.800013389312624557e-01 2.232664548847760333e-01 5.288736315251473252e-01 -7.499499256795443269e-01 3.973257993770963892e-01 -2.327825444536731417e-02 4.551635130339879431e-01 8.901035328952107140e-01
1.947740664563498147e-01 -8.643752571786417205e-01 4.635930088055849607e-01 9.801908701574536531e-01 1.888302065658252482e-01 -5.974120142984881698e-02 -3.590154726514444700e-02 4.660456714375375009e-01 8.840319626791236507e-01
9.788450794843345237e-01 1.909796367365580450e-01 -7.341041289407844450e-02 -2.027213081474279754e-01 8.567217336044854470e-01 -4.742699045825285453e-01 -2.768359789301737262e-02 4.791186173816435190e-01 8.773134952147951804e-01
-1.294849780712087339e-01 8.713828826912624059e-01 -4.732076840104820770e-01 -9.912110129748140652e-01 -1.267886711506227004e-01 3.775394847300193868e-02 -2.709922898057097462e-02 4.739372370056236239e-01 8.801415381449357866e-01
-9.349820314399678312e-01 2.986869221426599053e-01 -1.912974736512102203e-01 -3.535356865868451437e-01 -8.283414599596851113e-01 4.345836444476772753e-01 -2.865517743722609603e-02 4.739583824058835604e-01 8.800808670532721534e-01
8.833513082166457586e-01 4.204000411695343886e-01 -2.072541233765791413e-01 -4.681283078148162358e-01 7.692648820674844456e-01 -4.348418432489400964e-01 -2.337421002680667090e-02 4.811396331652098568e-01 8.763322998174094547e-01
5.145862652580921459e-01 7.605828965769027006e-01 -3.958719907273272054e-01 -8.570645776826003592e-01 4.426242089921703649e-01 -2.636742674130363451e-01 -2.532361130396101542e-02 4.749710170618253180e-01 8.796369976653899414e-01
-3.019921706431487607e-01 -8.381797789661395992e-01 4.541534839704665094e-01 9.531918200353935999e-01 -2.579738147199062137e-01 1.577176754091735300e-01 -1.503605958531742219e-02 4.805248891068318873e-01 8.768521813059564352e-01
4.737362071295897481e-01 -7.744455283428686165e-01 4.192948004497616954e-01 8.806583211024739954e-01 4.186814656081890851e-01 -2.216906669870220559e-01 -3.863615850752193451e-03 4.742783507455446967e-01 8.803664682884302373e-01
9.984490660861993216e-01 4.883759450772746230e-02 -2.672736040642719954e-02 -5.566848938105607020e-02 8.817816189074835220e-01 -4.683611809778095436e-01 6.940616885485362698e-04 4.691226555172922086e-01 8.831327490014037052e-01
-7.744912279006201106e-02 8.878490610812795891e-01 -4.535699263797590697e-01 -9.969894702996190405e-01 -6.728522312737686417e-02 3.853173835144302339e-02 3.691814016828214896e-03 4.551886899800887676e-01 8.903873466213881871e-01
-9.616249829331767751e-01 2.463272672893592197e-01 -1.208315752960454625e-01 -2.743353315085174660e-01 -8.565293532971908208e-01 4.371471066201939037e-01 4.185461130999873838e-03 4.535199492084686090e-01 8.912362972775900172e-01
-6.242860763174437055e-01 -6.983759582194066784e-01 3.500541613769165283e-01 7.811943059061812189e-01 -5.589797857308248519e-01 2.779875097267514028e-01 1.533406642205752948e-03 4.470040493389815239e-01 8.945306191174358101e-01
4.326625747403380906e-01 -8.128729395878422359e-01 3.899239419487876557e-01 9.015368563904033739e-01 3.872813877621542056e-01 -1.929881428034611046e-01 5.864553586631614593e-03 4.350295516155657238e-01 9.003970769790345940e-01
