nan nan nan nan nan nan nan nan nan
nan nan nan nan nan nan nan nan nan
nan nan nan nan nan nan nan nan nan
nan nan nan nan nan nan nan nan nan
nan nan nan nan nan nan nan nan nan
nan nan nan nan nan nan nan nan nan
nan nan nan nan nan nan nan nan nan
nan nan nan nan nan nan nan nan nan
nan nan nan nan nan nan nan nan nan
nan nan nan nan nan nan nan nan nan
nan nan nan nan nan nan nan nan nan
nan nan nan nan nan nan nan nan nan
nan nan nan nan nan nan nan nan nan
nan nan nan nan nan nan nan nan nan
nan nan nan nan nan nan nan nan nan
nan nan nan nan nan nan nan nan nan
nan nan nan nan nan nan nan nan nan
nan nan nan nan nan nan nan nan nan
nan nan nan nan nan nan nan nan nan
nan nan nan nan nan nan nan nan nan
nan nan nan nan nan nan nan nan nan
nan nan nan nan nan nan nan nan nan
nan nan nan nan nan nan nan nan nan
nan nan nan nan nan nan nan nan nan
nan nan nan nan nan nan nan nan nan
nan nan nan nan nan nan nan nan nan
nan nan nan nan nan nan nan nan nan
nan nan nan nan nan nan nan nan nan
nan nan nan nan nan nan nan nan nan
nan nan nan nan nan nan nan nan nan
-2.524509525674121790e-01 8.865097059188237205e-01 -3.877744935649158897e-01 -8.091215386299359658e-01 -4.131877006471185165e-01 -4.178495659433811849e-01 -5.306513471884634070e-01 2.082701739224027127e-01 8.216037258809144594e-01
-2.281965316597762417e-01 8.359879950047428565e-01 -4.990495117184249318e-01 7.845541362009863517e-01 4.614200876241005278e-01 4.142056374639191407e-01 5.765424098090031757e-01 -2.970110687245802739e-01 -7.611723029293104847e-01
8.938367903937552428e-02 -8.103458327606782863e-01 5.790942835573401615e-01 -7.608927723096251539e-01 -4.307332150691857153e-01 -4.852948448965179740e-01 6.426917978069728310e-01 -3.972512161889066862e-01 -6.550868066661666989e-01
1.119085079396039406e-01 -7.928443987107272051e-01 5.990611365159299595e-01 8.201713071186707005e-01 4.140692281766363281e-01 3.947983045258118828e-01 -5.610664067915512865e-01 4.471514661836973881e-01 6.966060963412443741e-01
-1.100191382091729314e-01 8.186621686620837446e-01 -5.636382198087750428e-01 -8.141929471645386052e-01 -3.994847113496008961e-01 -4.213096369482294268e-01 -5.700751126081838871e-01 4.125581401444170515e-01 7.104999275055174923e-01
1.654324906562590625e-01 -8.376678407735884679e-01 5.205234668763552008e-01 -8.668188930549753923e-01 -3.752346551453885071e-01 -3.283655892764473783e-01 4.703797377419802750e-01 -3.968772380870875249e-01 -7.881823140683575923e-01
2.227037538063580679e-01 -7.883961835755359804e-01 5.734409261328378138e-01 8.530096583837816215e-01 4.423708595267781263e-01 2.769161341372576857e-01 -4.719931787055203776e-01 4.274803859419391561e-01 7.710272102140036665e-01
-1.175984940421103825e-01 7.001611911127163523e-01 -7.042335554762000349e-01 -7.380462038872879216e-01 -5.360922346930363513e-01 -4.097473817236542137e-01 -6.644233553440093143e-01 4.715712272408576489e-01 5.797949486775129113e-01
-4.788126779394582394e-02 7.280453199549867804e-01 -6.838548064363410006e-01 7.067977712076817243e-01 5.084646907771430691e-01 4.918338833882410221e-01 7.057933796872124521e-01 -4.597974231382178090e-01 -5.389267435052345068e-01
8.678967739000224835e-02 -7.454007183490075628e-01 6.609427516686470216e-01 -5.722683104960405442e-01 -5.803663764203220721e-01 -5.793823003188415255e-01 8.154609326635745559e-01 -3.279521889018711112e-01 -4.769390203096459113e-01
6.239957123055042132e-01 2.470267675749194813e-01 7.413549265539638444e-01 4.090933201380638207e-01 -9.115897013124830695e-01 -4.058166925390449542e-02 6.657867574852792680e-01 3.286061359173080287e-01 -6.698850655110423213e-01
5.914425655678192673e-01 2.354162060018815117e-01 7.712165075944857895e-01 4.858248374248082535e-01 -8.673823451503668291e-01 -1.078058192427853168e-01 6.435603460249196273e-01 4.384370847375131386e-01 -6.273778795519940887e-01
-2.132763381157964933e-01 5.308643632089209419e-01 -8.201806090579699671e-01 4.612919709826537873e-01 7.947451728979644248e-01 3.944487643057373871e-01 8.612333720350453525e-01 -2.942161416886759362e-01 -4.143838086399780352e-01
-4.715171772064954414e-01 -3.153110496224206249e-01 -8.235596478611770799e-01 7.456684949995180389e-01 -6.411338575552496533e-01 -1.814548766538902624e-01 -4.707972463432344989e-01 -6.996615743931718923e-01 5.374231425546313057e-01
-2.602065053263390992e-01 -3.163594883217925036e-01 -9.122550349187599217e-01 8.189129987584056192e-01 -5.728541592137341709e-01 -3.492295428570257876e-02 -5.115408830683715324e-01 -7.561446861681297982e-01 4.081312760979378118e-01
2.263081677278509785e-01 3.135048742112627740e-01 9.222251932502403271e-01 -8.035905158931900827e-01 5.951604949547643075e-01 -5.125232845116567404e-03 -5.504787879529776662e-01 -7.399315367593004567e-01 3.866192247196719167e-01
1.313761997781897894e-01 3.893586172978610871e-01 9.116688879564438519e-01 -8.455210352584958677e-01 5.241099699013467283e-01 -1.019946978298905682e-01 -5.175272679456053293e-01 -7.574355461594782790e-01 3.980664772960044173e-01
1.312640916705974659e-01 3.669403217842998610e-01 9.209367722524319788e-01 -9.429307696103843561e-01 3.329843720921430439e-01 1.723851608886939335e-03 -3.060250021809677312e-01 -8.686058992381042732e-01 3.897082111643311864e-01
6.330832200508827723e-02 3.557739864401179286e-01 9.324252929524202704e-01 9.520734230466849635e-01 -3.016777611066416842e-01 5.046509270626836630e-02 2.992461419852698312e-01 8.845424800574538393e-01 -3.578216699429215275e-01
3.300075794378063559e-02 -3.421213691037808813e-01 -9.390760985019748208e-01 9.966353177469539082e-01 -5.926797307883747978e-02 5.661581745903230406e-02 -7.502661790700865252e-02 -9.377847707068401872e-01 3.390143513713764212e-01
1.958966323270124876e-01 -4.847357324310286320e-01 8.524410707770300188e-01 5.178321244078006869e-01 7.893347021487534532e-01 3.298493882289960100e-01 -8.327511034962603587e-01 3.768049862837443142e-01 4.056397440309171820e-01
-2.605679487207766543e-01 3.941111672171046520e-01 -8.813516505766685327e-01 -4.808910275556659286e-01 -8.445645774645247350e-01 -2.354877791067391257e-01 -8.371667478560661513e-01 3.624735333330421638e-01 4.095909836863574349e-01
4.065369455353584627e-01 -3.196398529597810900e-01 8.558960663039820727e-01 5.873157340884829214e-01 8.090261803470003565e-01 2.317041228052152402e-02 -6.998485124702968907e-01 4.932615978494498954e-01 5.166285471014160358e-01
-1.534504451307998341e-01 -6.701747138766431799e-01 -7.261672078588502499e-01 8.076457443252348378e-01 -5.084747440329659973e-01 2.985997092328580571e-01 -5.693516598399416262e-01 -5.406655967980295019e-01 6.192894314264812961e-01
3.700070033659936253e-01 5.931512635626080554e-01 7.150289476617006645e-01 6.253104905172068850e-01 -7.282171568075165302e-01 2.805112528586099496e-01 6.870819513778889664e-01 3.433239739156854764e-01 -6.403491555592886186e-01
7.273224014821753070e-01 -9.396737559913592719e-02 6.798325210117651674e-01 -3.442240216802318065e-01 -9.069192239514187737e-01 2.429142732027980145e-01 5.937271656244882401e-01 -4.106916769918367294e-01 -6.919684958501680638e-01
-6.561027329789571594e-01 1.329107656072103794e-01 -7.428754486205939589e-01 3.952092197605475699e-01 8.991088904335103882e-01 -1.881830910567714454e-01 6.429143616328714117e-01 -4.170586667713872542e-01 -6.424353602325063584e-01
4.320963790600831911e-01 -3.978955745415728718e-01 8.093032997358879932e-01 -5.805272701761333698e-01 -8.094685921268336415e-01 -8.802662632436009105e-02 6.901310076970977869e-01 -4.317866488445809559e-01 -5.807576793246516100e-01
-1.379315466456114414e-01 6.535271336437536993e-01 -7.442292483041288431e-01 7.305410685636580803e-01 5.745183370738934370e-01 3.691049004114103638e-01 6.687934177171737105e-01 -4.927788205242061847e-01 -5.566726133563191237e-01
-1.622209826532971522e-01 7.016475984926148213e-01 -6.938119344004866074e-01 7.410447983970794850e-01 5.509082594946783651e-01 3.838654665233328656e-01 6.515650079275516759e-01 -4.518746918672149615e-01 -6.093211823777990865e-01
7.567278563737210584e-02 8.546881060693147791e-01 -5.135969926484458270e-01 7.716467349793001418e-01 2.760269851559816745e-01 5.730361418457696754e-01 6.315338042493576776e-01 -4.396786835967225748e-01 -6.386295555961900572e-01
3.259734324059853083e-01 8.481432402628652500e-01 -4.176055140462919257e-01 7.479216927435268225e-01 3.881899948496628228e-02 6.626509087012885102e-01 5.782339171037255143e-01 -5.283428141608373929e-01 -6.216907654417013207e-01
4.799691929696786596e-01 8.367018466320462755e-01 -2.637415280962769337e-01 6.688596417617822532e-01 -1.544746742955790120e-01 7.271618489879503322e-01 5.676762751977006971e-01 -5.254213498172669583e-01 -6.337791821556353344e-01
5.699526008859762127e-01 8.209771322567093188e-01 -3.392021602025233062e-02 5.293484148117899579e-01 -3.352933497511782490e-01 7.793385819711990958e-01 6.284459312300114675e-01 -4.621416643456676132e-01 -6.256842603072736431e-01
6.861105410611818556e-01 7.158488564778969776e-01 1.296639507496961385e-01 4.414240301192929872e-01 -5.513191288787708810e-01 7.079491816264743553e-01 5.782708284860769155e-01 -4.284946123484409952e-01 -6.942587529951538272e-01
8.207691150974427696e-01 4.825509728592384251e-01 3.057492735801071171e-01 2.325981762250569351e-01 -7.711390885730604605e-01 5.926572318731011535e-01 5.217625399728674784e-01 -4.153180283437163389e-01 -7.451676235678452720e-01
8.265335223620629002e-01 2.551437094852421206e-01 5.017409928657133866e-01 -1.924480630097977554e-02 -8.780397996643658498e-01 4.782005307774114256e-01 5.625584181595713051e-01 -4.049046773198240468e-01 -7.208191371227115063e-01
7.362758829889806123e-01 -1.423993355195973809e-01 6.615287245255296877e-01 -3.616811710881452924e-01 -9.090618743880147790e-01 2.068652677818506591e-01 5.719130656044715266e-01 -3.915723914906745762e-01 -7.208234926895552563e-01
4.091305768297544554e-01 -6.470320628778258865e-01 6.433985395623910142e-01 -7.447119596119893270e-01 -6.442218356809167323e-01 -1.743052599400856106e-01 5.272724801407936424e-01 -4.078329756652527838e-01 -7.454233667159901877e-01
3.106957476775700222e-01 9.075155349583552411e-01 -2.826370573444432210e-01 7.928234680876405926e-01 -8.340807605412908776e-02 6.037168552379788000e-01 5.243082116699694373e-01 -4.116535517376221920e-01 -7.454141483210789954e-01
7.313933229535954927e-01 6.665275192877773147e-01 1.442389447097372490e-01 4.336202799292782073e-01 -6.177784307414000420e-01 6.559902921116650409e-01 5.263432909926298864e-01 -4.172419879911103413e-01 -7.408588688031438885e-01
8.329909341772940845e-01 3.761942648225414798e-01 4.057141588520988829e-01 1.072294452658356378e-01 -8.291429416498165006e-01 5.486563846163371450e-01 5.427964163905469874e-01 -4.135212901736937674e-01 -7.310076558605003161e-01
7.611739453496669805e-01 -1.173672327732383502e-01 6.378394449953489476e-01 -3.183239568510602413e-01 -9.244830085658851671e-01 2.097642137440375310e-01 5.650522837893026118e-01 -3.627066301353236710e-01 -7.410531809798613923e-01
-4.091114444144732798e-01 6.245895330149118241e-01 -6.652185665608842946e-01 6.627420825805948601e-01 7.044978248432925971e-01 2.538813635692969140e-01 6.272166755004521255e-01 -3.370025668140874675e-01 -7.021598905768380305e-01
2.605327638487279704e-02 9.341183477837088356e-01 -3.560114311696289668e-01 7.523574903292632454e-01 2.161775680079160988e-01 6.222744296816602461e-01 6.582396474955500842e-01 -2.840601545870465872e-01 -6.971588018815492171e-01
5.583982068362902673e-01 7.856786905102325358e-01 2.662713613593131745e-01 5.136471227379046933e-01 -5.794966263161092090e-01 6.327324026721877770e-01 6.514277211671972712e-01 -2.165471204296511853e-01 -7.271514757796608830e-01
7.889147566938768952e-01 2.242737538144856657e-03 6.144985571984493689e-01 -1.213732021312746850e-01 -9.797247297252670295e-01 1.593988700372528378e-01 6.023969226971878088e-01 -2.003357783649423185e-01 -7.726470885416388823e-01
5.489698323993397189e-01 -6.099425104272816478e-01 5.714912572289329029e-01 -6.185238165274814515e-01 -7.563274310837926340e-01 -2.130659648523652860e-01 5.621925039554683812e-01 -2.365141665183218000e-01 -7.924649124929281641e-01
1.846579978652406612e-02 9.435519006995124469e-01 -3.307095779147946057e-01 8.228982952089560765e-01 1.735276350387373601e-01 5.410421015226603014e-01 5.678885541903778700e-01 -2.821311229981557922e-01 -7.732429239607446769e-01
2.223780351373096098e-01 9.601375201193083075e-01 -1.693633725089751518e-01 7.887613826334051170e-01 -7.506720166395752791e-02 6.100986776748347218e-01 5.730649969721659520e-01 -2.692598330488360503e-01 -7.740126946968015620e-01
8.242513925297513255e-01 2.594196740046810223e-01 5.033001834413246556e-01 8.890950633212317544e-02 -9.371420084807355888e-01 3.374314087699472609e-01 5.592000908409654469e-01 -2.333801377152696643e-01 -7.955054806369707965e-01
6.919570300521408202e-01 -4.442535662783823058e-01 5.690643526090521931e-01 -5.135286060571260247e-01 -8.569155481027534993e-01 -4.454339660131989564e-02 5.074286544160132584e-01 -2.614087073314435017e-01 -8.210856522975285010e-01
-4.984509539927179517e-02 9.093912919810517304e-01 -4.129442390125704909e-01 8.674996897321402001e-01 2.443098070813631839e-01 4.333093657867408965e-01 4.949340913488159410e-01 -3.366306525450413201e-01 -8.010743092796206444e-01
6.083885402137162446e-01 7.932499923155744703e-01 2.485626335483359650e-02 6.067235761653483328e-01 -4.850642113451578696e-01 6.297612349114785069e-01 5.116149785353768520e-01 -3.680586373982294157e-01 -7.763909795810386427e-01
8.868815697677649990e-01 1.507610393660205328e-01 4.367060684436869233e-01 -5.627951569516113223e-02 -9.029623303252967137e-01 4.260183636025891563e-01 4.585561005148476865e-01 -4.024054410949071681e-01 -7.923358906788394718e-01
6.489780872001473799e-01 -5.641278629725732241e-01 5.104774202176191045e-01 -6.930917171559276557e-01 -7.150969245789703388e-01 9.088597288661104390e-02 3.137695236059191983e-01 -4.127906765852346060e-01 -8.550745835191325694e-01
5.951159087494913846e-01 7.522563203992732594e-01 -2.827498604289891970e-01 7.869537759068698790e-01 -4.741745000902267693e-01 3.947939944453356942e-01 1.629135038576819683e-01 -4.574592570749110854e-01 -8.741797403150473045e-01
3.770747638800977519e-01 -8.501061760387115251e-01 3.676059193016452120e-01 -9.208502983840758382e-01 -3.015794035809846174e-01 2.471529714603810102e-01 -9.924389356895958747e-02 -4.317051688323602643e-01 -8.965385082597937538e-01
-7.424499453011694783e-01 -4.880565704941070004e-01 4.588778298412566903e-01 -6.403583513637183255e-01 7.182360082543708391e-01 -2.721731402720850568e-01 -1.967466913598072964e-01 -4.959211837019649738e-01 -8.457853858956246862e-01
-8.194755670063424979e-01 5.444218866447787519e-01 -1.790659220001764029e-01 5.542186084155034109e-01 6.732165851681310986e-01 -4.895111475140713764e-01 -1.459504339343195567e-01 -5.003840912705960209e-01 -8.534132832559403470e-01
1.372008416857145412e-02 9.230895490872988995e-01 -3.843402706667810032e-01 9.895230013704698901e-01 -6.778305602869574842e-02 -1.274742604378930610e-01 -1.437219156885421179e-01 -3.785645805951978193e-01 -9.143483303804944562e-01
-1.625202842626157218e-01 8.811736510008186807e-01 -4.439821550300032671e-01 9.602381411792756394e-01 3.772600400018578937e-02 -2.766215119016370294e-01 -2.270019150310589595e-01 -4.712852060101877516e-01 -8.522677895873849163e-01
6.617958864315945933e-01 4.035351874773118741e-01 -6.318113303588903662e-01 6.374052032584068828e-01 -7.465171513687537397e-01 1.908579303340321998e-01 -3.946401038431460728e-01 -5.290288226362833690e-01 -7.512574081223687417e-01
7.273301710834595424e-01 -6.808562531626467518e-01 8.617183275889617189e-02 -5.479414736951394582e-01 -5.005122368474679284e-01 6.702593842466832985e-01 -4.132202362378984417e-01 -5.347169936473551433e-01 -7.371070295881256840e-01
-3.617634518068302968e-02 -8.113273354410022176e-01 5.834717018121542420e-01 -9.197463232562228530e-01 2.553751831685751039e-01 2.980775346755879518e-01 -3.908426446871268722e-01 -5.258625966807488616e-01 -7.554538745060164207e-01
8.866066023087383341e-01 -4.017302356490201620e-01 -2.292194374566373649e-01 -1.478494957815065514e-01 -7.157410765093498162e-01 6.825358876970435418e-01 -4.382570699255277091e-01 -5.712508460935699084e-01 -6.939763767576468956e-01
-2.110562333989320360e-01 7.937122422917668452e-01 -5.705051645512344560e-01 8.499752972931835515e-01 -1.391960016345804019e-01 -5.081008434556174569e-01 -4.826978975869065658e-01 -5.921531470532950259e-01 -6.452576152979976332e-01
7.400645207020959404e-01 -9.472088113906595996e-02 -6.658321559328715944e-01 3.788778904250608148e-01 -7.592582586307063952e-01 5.291298903370729168e-01 -5.556582127036658880e-01 -6.438593412984752185e-01 -5.260124516374696801e-01
-5.540914862602895896e-01 7.471852634451510156e-01 -3.670106360097257769e-01 5.750189234739313537e-01 2.473853328060965362e-02 -8.177660072526889978e-01 -6.019434047323256598e-01 -6.641552431935805467e-01 -4.433530764951693626e-01
-3.745285496761006638e-01 -1.851394602042860937e-01 9.085437500488251494e-01 -6.915507033222343392e-01 7.084913536271550960e-01 -1.407040389259832103e-01 -6.176455214862643928e-01 -6.810017489778035227e-01 -3.933835630490086777e-01
6.563270670204560675e-01 -7.379521094127040604e-01 1.570396934206947925e-01 -3.958741379812300010e-01 -1.596424608639810394e-01 9.043218185839100309e-01 -6.422759905009245429e-01 -6.556988400955365837e-01 -3.969138232959691925e-01
5.954050980592114906e-01 -8.193092730990447770e-02 -7.992371940514529927e-01 4.291721290637327546e-01 -8.085310331499281356e-01 4.026025981888499139e-01 -6.791936784452602405e-01 -5.827219676515110747e-01 -4.462410285667907650e-01
3.384938945184993164e-01 -8.850274761366018206e-01 3.196063983354779925e-01 -6.126594268631664342e-01 5.050931272841929776e-02 7.887314092917812047e-01 -7.141920680387003895e-01 -4.627906392862545237e-01 -5.251233323131094810e-01
-7.027228471878759208e-01 3.454920093834399353e-01 6.219452319074072477e-01 -1.401284946164979041e-02 8.672863222660063265e-01 -4.976123745047649205e-01 -7.113256919935693201e-01 -3.583988095160175469e-01 -6.046205861921766234e-01
6.065957312777627841e-01 2.540395169942694098e-01 -7.533296374104196946e-01 3.504157549585496523e-01 -9.359957742504494416e-01 -3.347699601415121684e-02 -7.136178371316300728e-01 -2.436715707476360127e-01 -6.567904902911994025e-01
9.893257486647111243e-02 9.492545531209362064e-01 -2.985433620254547282e-01 6.789561481892357753e-01 -2.837243527924605546e-01 -6.771403403051216019e-01 -7.274825733076539791e-01 -1.357066137359232982e-01 -6.725717958121665285e-01
-5.352407414577465827e-01 6.621585647644572248e-01 5.244648546784004273e-01 4.714550744258532156e-01 7.493620384602277529e-01 -4.649587595828744702e-01 -7.008904775226119099e-01 -1.603254130262299348e-03 -7.132671085184841830e-01
7.108230040820228135e-01 4.399886019047118957e-01 -5.487628696092201608e-01 2.558416290514928804e-01 -8.884838294382562118e-01 -3.809744685290737953e-01 -6.551913596134238960e-01 1.304090296745934463e-01 -7.441221453949907749e-01
7.423217432585980102e-01 -2.311784612190898036e-01 -6.288997921401231483e-01 -4.010117795326781365e-01 -9.052216543010463967e-01 -1.405820374746069579e-01 -5.367941711322422593e-01 3.565533279228380037e-01 -7.646710025792781140e-01
4.018154017187889893e-01 -6.568893622130606014e-01 -6.379974519956067569e-01 -8.119135050738739423e-01 -5.777708346676275752e-01 8.353037104029648052e-02 -4.234865325134020142e-01 4.844349578826774305e-01 -7.654945645535202736e-01
6.656992973052963114e-01 -4.371074742669313618e-01 -6.047987280965616552e-01 -6.856565957667067890e-01 -6.781355006686210496e-01 -2.645888799903152733e-01 -2.944817112298240835e-01 5.908208685150705408e-01 -7.511399490629236952e-01
8.494930210773681267e-01 -2.269295167159412763e-01 -4.763030564503187847e-01 -4.557299628974730843e-01 -7.704890676128790528e-01 -4.457093196316451178e-01 -2.658416973657704019e-01 5.956925307002816083e-01 -7.579436659868468151e-01
9.287951191378915894e-01 -1.621339843223113808e-01 -3.332449516397846256e-01 -3.278205610171366358e-01 -7.788281306153309602e-01 -5.347526743613713052e-01 -1.728389610013892075e-01 6.059202208954588276e-01 -7.765226200632915354e-01
-7.809823891693298270e-01 4.820949137248711214e-01 3.970528956801278042e-01 6.239613061257186510e-01 6.299397934897763562e-01 4.624371795562562393e-01 -2.718080692791129474e-02 6.089009367201425604e-01 -7.927804569968160964e-01
9.718813588551310501e-01 -2.244396354847498776e-01 -7.122832535850184832e-02 -2.236204843147416854e-01 -7.849758374517797899e-01 -5.777601696307193002e-01 7.375976752094805244e-02 5.774424513666710501e-01 -8.130926835576040013e-01
4.380518698127223720e-01 -7.565511235134463330e-01 -4.855316229290523311e-01 -8.916556460654279093e-01 -2.970064158394242204e-01 -3.416685496059934657e-01 1.142837179707674733e-01 5.825955599391060558e-01 -8.046872966227422985e-01
3.325452033253876172e-01 -8.074560211576605750e-01 -4.872663149054283216e-01 -9.264732318353285923e-01 -1.831499054374535751e-01 -3.287909105052226888e-01 1.762414208915659142e-01 5.607770377204219781e-01 -8.089920120295568395e-01
6.228077348653469070e-01 5.446534315880879884e-01 5.616610764965075386e-01 7.506517143038735629e-01 -6.183421750461014499e-01 -2.327551468215307007e-01 2.205278422434492347e-01 5.665735557000313172e-01 -7.939533215352601037e-01
6.554724686112447518e-01 -6.816578760501990075e-01 -3.251128771848516563e-01 -7.195083825206536332e-01 -4.328410724847640556e-01 -5.430987879315807287e-01 2.294853598275800322e-01 5.899077436251969342e-01 -7.741739621272698546e-01
4.583304455066135041e-01 -7.194333457922948982e-01 -5.218705430313281823e-01 -8.624665249100511577e-01 -2.181911163564911882e-01 -4.566663225514754343e-01 2.146734639662975508e-01 6.593999527640352909e-01 -7.204908092151477428e-01
-6.885754754226438568e-01 -3.986133660523643596e-01 -6.057814779694769003e-01 -6.926961055021146896e-01 6.087211052473472384e-01 3.868213042848742123e-01 2.145598286461918580e-01 6.859781340763361213e-01 -6.952683507110509753e-01
8.289607296652666824e-01 2.157174926689937045e-01 5.160330144762363958e-01 5.259731880882986266e-01 -6.144190007699722456e-01 -5.880828996876716896e-01 1.902007205166697801e-01 7.589171594116392860e-01 -6.227908405440049089e-01
7.884721728354666670e-01 -3.909835315117809462e-01 -4.748089202518147034e-01 -6.075208465318769901e-01 -3.744793841878518714e-01 -7.004881239874654053e-01 9.607316843588310784e-02 8.407717103381057155e-01 -5.327972197767429918e-01
-6.314981703697750692e-01 -3.514107400486405908e-01 -6.911733158897943596e-01 -7.739824894323850124e-01 3.391327443013955056e-01 5.347336606149388771e-01 4.648835199998699319e-02 8.726393719750851208e-01 -4.861474669349354905e-01
9.893246416782521813e-01 8.535941246996051057e-02 1.181123366587129714e-01 1.430851750603231998e-01 -4.153131668911483887e-01 -8.983549443759976105e-01 -2.762944165477567923e-02 9.056648078122663259e-01 -4.230932164951555219e-01
-1.041140028298025988e-01 -4.029083002283112558e-01 -9.092992774779318221e-01 -9.899651805915454794e-01 -4.585030686803288902e-02 1.336663404767851615e-01 -9.554692894648404711e-02 9.140911611908517642e-01 -3.940915292183473917e-01
9.081810660724692896e-01 3.277384602536890790e-01 2.603740634126493481e-01 3.448267122786575212e-01 -2.331796753552208279e-01 -9.092424195451540569e-01 -2.372797710015862038e-01 9.155406821500475800e-01 -3.247823418870857126e-01
1.806307590998881829e-02 -2.884008100581157419e-01 -9.573393849865848848e-01 -9.538099179029698726e-01 -2.921388261387315999e-01 7.001104750118983255e-02 -2.998672469587164713e-01 9.118551853337824031e-01 -2.803564787574802653e-01
-8.974900312597863250e-01 -3.685475290126345449e-01 -2.422485555126989709e-01 -3.169745268733413224e-01 1.570991859717905392e-01 9.353325585482535898e-01 -3.066574523841371080e-01 9.162382684791562371e-01 -2.578151319678281261e-01
-2.581931418901320940e-01 -3.203862060461381001e-01 -9.114214066260808433e-01 -9.160831706814860365e-01 -2.184065893254264201e-01 3.362888433079366801e-01 -3.068027475024587836e-01 9.217652850452746627e-01 -2.371093279699183487e-01
9.062004244050793078e-01 2.141396393247514962e-01 -3.646162443966527444e-01 -2.831797645246324491e-01 -3.330277803304593220e-01 -8.993896366380595975e-01 -3.140223109459389095e-01 9.182792126570393787e-01 -2.411499032347708960e-01
8.446298904635690663e-01 3.801538251685868119e-01 3.769395407027377742e-01 4.466783931342675484e-01 -1.123241450763072524e-01 -8.876157386729154330e-01 -2.950911066814584927e-01 9.180775324789122172e-01 -2.646788301223651496e-01
5.066063187762095410e-01 -1.151383753437627555e-01 -8.544549094593678618e-01 -8.195947542517727502e-01 -3.719196490595481630e-01 -4.358213090779277099e-01 -2.676088125959115160e-01 9.210965905737691362e-01 -2.827836527354173346e-01
9.023817851849735838e-01 1.161119859294025281e-01 -4.150001451685416121e-01 -3.490173107554953580e-01 -3.679535693441696731e-01 -8.618567674503040399e-01 -2.527726855484633828e-01 9.225660830154204239e-01 -2.915095056944148055e-01
9.021592490898895367e-01 3.148958869523423854e-01 2.948716155584734655e-01 3.683847307703817520e-01 -2.066191140215054567e-01 -9.064222150058997007e-01 -2.245025153908078996e-01 9.263633855574526788e-01 -3.024061812888988454e-01
1.514191719650771761e-01 -2.690263653701280289e-01 -9.511556387348754082e-01 -9.674461300645669226e-01 -2.377369122568216975e-01 -8.677065156886518138e-02 -2.027812116161247236e-01 9.333305819945739712e-01 -2.962664424621287429e-01
7.204760292129572807e-01 -8.704304294896125782e-02 -6.879954941739918617e-01 -6.644270038045978488e-01 -3.707926299584192731e-01 -6.488833348019993341e-01 -1.986228787042811916e-01 9.246276733056953967e-01 -3.249809499224844966e-01
-7.042547958642719763e-01 -3.603330484576940940e-01 -6.117068551940199050e-01 -6.880175178137687420e-01 1.339038175925210683e-01 7.132332457306862494e-01 -1.750916265375189462e-01 9.231629660159325068e-01 -3.422178553101987153e-01
7.197600215323229043e-03 -3.451499912101725909e-01 -9.385199401817513332e-01 -9.856592768956119466e-01 -1.606859133329469891e-01 5.153471767630157796e-02 -1.685941411222816599e-01 9.246899592966145720e-01 -3.413568437211501605e-01
-7.007552146164836016e-01 1.404492954370393232e-01 6.994398648912180105e-01 6.941184670036302240e-01 3.606429485921661682e-01 6.230057924251414248e-01 -1.647473306379695634e-01 9.220686845577110713e-01 -3.502108764811227015e-01
-7.121896276737194054e-01 -3.360921879084918240e-01 -6.163018541760622027e-01 -6.882957536517376740e-01 1.617783680613077424e-01 7.071610248963148271e-01 -1.379669878592524324e-01 9.278306962233484612e-01 -3.465477014881814810e-01
-2.421595095774887740e-01 -3.677417699418339403e-01 -8.978445091223965502e-01 -9.603361251300508439e-01 -4.101279854794706581e-02 2.758123948002786374e-01 -1.382508542157676046e-01 9.290231111201232572e-01 -3.432240672116362856e-01
3.609372439453633064e-01 -2.682397391033150003e-01 -8.931806918529479056e-01 -9.225204135786024828e-01 -2.430573528851009968e-01 -2.997986153057614067e-01 -1.366762322567079135e-01 9.321859071957017129e-01 -3.351850861268108606e-01
9.663448066396342906e-01 2.035137362667042704e-01 1.573527051924244746e-01 2.175302069548458173e-01 -3.199249224446356066e-01 -9.221326656511935616e-01 -1.373256121151099629e-01 9.253270790102061660e-01 -3.534281724872114783e-01
-6.090278080228835877e-01 -3.678450812074312015e-01 -7.026913442517559449e-01 -7.805015198549143385e-01 1.203669339499571778e-01 6.134567455947121939e-01 -1.410762437797757896e-01 9.220638792637874115e-01 -3.604104548955324172e-01
-4.241501377444971410e-02 -3.780092208178588709e-01 -9.248297116676066354e-01 -9.892366668495145010e-01 -1.138592160849614676e-01 9.190699577823538413e-02 -1.400420778443955405e-01 9.187736978653633368e-01 -3.691112414216491944e-01
-8.752084370434048965e-01 9.601553004817847681e-02 4.741215136624865600e-01 4.715791802857470238e-01 3.877785651843522752e-01 7.919853919767635420e-01 -1.078112630900089630e-01 9.167381318419846048e-01 -3.846659969087524722e-01
-9.908549056937701049e-01 -1.275637574434463628e-01 -4.397776312523829501e-02 -8.943085364597742892e-02 3.768083257965098021e-01 9.219639949730050743e-01 -1.010380041308306942e-01 9.174655161897586897e-01 -3.847705138441838701e-01
-8.414455555500233164e-01 -2.712489224611090988e-01 -4.673257954669310932e-01 -5.356447651804523424e-01 3.049398948970000189e-01 7.874619648179741471e-01 -7.109193048364044476e-02 9.129269864364254472e-01 -4.018833846481035810e-01
-3.250561122221409804e-01 -3.953021698708758525e-01 -8.591127506924828294e-01 -9.455558354917035224e-01 1.202848977781506568e-01 3.024164435576979781e-01 -1.620758694604011729e-02 9.106413881775180519e-01 -4.128796147347427725e-01
3.037154359649991697e-01 -3.812671429341782936e-01 -8.731507886243931038e-01 -9.527622579913389567e-01 -1.205693108269610958e-01 -2.787599702861890405e-01 1.006828602971048502e-03 9.165688228417552263e-01 -3.998757048016839954e-01
9.999294521204226127e-01 -7.439394070109510426e-03 9.259924298890009203e-03 5.607486210727968129e-03 -3.915885795990511897e-01 -9.201233289217234379e-01 1.047124064034677185e-02 9.201103410697367702e-01 -3.915192375554293891e-01
-9.754330817971078593e-01 -6.205076564223302449e-02 -2.113764542682302627e-01 -2.186092660628452533e-01 3.911539511684340997e-01 8.939846616563319470e-01 2.720830254280404842e-02 9.182310651293250636e-01 -3.951093763810274995e-01
2.529540251561528952e-01 3.255299041551778516e-01 9.110678035459386370e-01 9.650479337945310210e-01 -1.516045744505937487e-01 -2.137721648965573151e-01 6.853281430239797911e-02 9.332986309356587906e-01 -3.525009487326493662e-01
6.837456314237554400e-01 -3.076906558442594752e-01 -6.616784504690018665e-01 -7.256279586905972634e-01 -1.907900245590440358e-01 -6.611075798198626785e-01 7.717497700321358789e-02 9.321618029263420979e-01 -3.537207883199187108e-01
7.855679589052269041e-01 -2.556143998233197934e-01 -5.635106569927847975e-01 -6.154602714777260841e-01 -2.286350893564815800e-01 -7.542775683708998757e-01 6.396589852444560520e-02 9.393547117664966528e-01 -3.369289083887617720e-01
9.956466704269164580e-01 -7.072024948708474645e-02 -6.071535209713899844e-02 -8.074933152503703526e-02 -3.291114881446494111e-01 -9.408321709154476853e-01 4.655376597070023936e-02 9.416391424976443547e-01 -3.333893702418335714e-01
-6.709432991579203920e-01 -2.398900740678528987e-01 -7.016322695535072151e-01 -7.412917650089286825e-01 2.398820138921906597e-01 6.268517675981892801e-01 1.793344487354954844e-02 9.406962165198428094e-01 -3.387757662233537026e-01
-2.494420976360571529e-01 -3.375335160108930976e-01 -9.076617021204802516e-01 -9.683086858599697644e-01 9.906091041992182156e-02 2.292710730007486153e-01 1.252712317581779373e-02 9.360865673622820182e-01 -3.515465966110862261e-01
2.784171954040028929e-01 -3.542873413633188528e-01 -8.927285954046060290e-01 -9.602626492602353014e-01 -8.382667334473309362e-02 -2.662118203079452683e-01 1.948100970390716571e-02 9.313718744871282151e-01 -3.635476883095936085e-01
-8.144228410123983686e-01 2.461943202338982006e-01 5.254557952119878195e-01 5.794102475945721586e-01 2.956967502600101882e-01 7.595045733029297530e-01 3.161014108937743733e-02 9.230123447550622195e-01 -3.834696994679915871e-01
-9.460404627439671366e-01 -9.611724486093112252e-02 -3.094655361934900428e-01 -3.221654292285492938e-01 3.817833473670875222e-01 8.662856987640776829e-01 3.488379367507150192e-02 9.192404206264680466e-01 -3.921481480579879220e-01
-7.204852774998231624e-01 -2.728356618814424817e-01 -6.375434624492026803e-01 -6.934698442911834126e-01 2.824899996178853456e-01 6.627963300853804141e-01 -7.348229477752060744e-04 9.196521634409404733e-01 -3.927331897276232775e-01
-1.476226318922585767e-01 -4.131009863094662338e-01 -8.986407144478537612e-01 -9.888355040040119892e-01 4.300100481597282642e-02 1.426718598951744466e-01 -2.029543235150110467e-02 9.096694392442579158e-01 -4.148368435068211513e-01
-3.908002534990807214e-02 -4.226730708266702718e-01 -9.054392452376931466e-01 -9.983503900853514246e-01 -2.162720290705012760e-02 5.318611389116291444e-02 -4.206245636047677150e-02 9.060241383607670063e-01 -4.211306335005245427e-01
5.165217738952331272e-01 -3.369604689291098021e-01 -7.871866992468788959e-01 -8.545818742768406251e-01 -2.606269854305474087e-01 -4.491808039340810521e-01 -5.380592206815462686e-02 9.047271504959155664e-01 -4.225798219341952988e-01
-8.309383974046783417e-01 1.885279551597656145e-01 5.234487461460028968e-01 5.523326388916462992e-01 3.925893238131974439e-01 7.353926018412793031e-01 -6.685832583556923503e-02 9.001837773205947357e-01 -4.303476865457638856e-01
9.841751886511346248e-01 1.229732624787597539e-01 1.275804638603948160e-01 1.699682930170994810e-01 -4.515737176145709908e-01 -8.758949462855742940e-01 -5.009967477296520255e-02 8.837187076638614025e-01 -4.653292042334732370e-01
-7.009299187745672288e-01 -3.490134126749835364e-01 -6.220023205259286314e-01 -7.130330395243211772e-01 3.223979462456970646e-01 6.226101900894849273e-01 -1.676703651173418880e-02 8.799143151634244431e-01 -4.748364607494836021e-01
-4.040349398782741575e-01 -4.360236161253803200e-01 -8.041387775368790125e-01 -9.147426733463209780e-01 1.913689854441577576e-01 3.558423147537397857e-01 -1.268430835813562320e-03 8.793527833532004401e-01 -4.761691647851571396e-01
2.239802343497911408e-01 -4.744580613864934904e-01 -8.513062918867583262e-01 -9.745927329557764196e-01 -1.102615945015949506e-01 -1.949650882793026452e-01 -1.363631329629716449e-03 8.733452517551898442e-01 -4.870997964958113657e-01
-7.204904426608306212e-01 3.515134715893762918e-01 5.977723658095823733e-01 6.932997609497434377e-01 3.463164444177549983e-01 6.319812986100716845e-01 1.513153995562437244e-02 8.697719239070831332e-01 -4.932218941628022657e-01
9.745705687437996589e-01 -1.306760222312542963e-01 -1.820329194189979627e-01 -2.229846789946105245e-01 -4.853030358892077567e-01 -8.454340874902011027e-01 2.213683518611448894e-02 8.645257315838174028e-01 -5.021008065691667799e-01
9.885090217294273396e-01 4.942480193946982570e-02 1.428534315750758232e-01 1.481045312639196199e-01 -5.057787627078366155e-01 -8.498546293412918562e-01 3.024833513807555913e-02 8.612462087852544856e-01 -5.072869070599013153e-01
-7.771935077018267413e-02 -5.567863955586228597e-01 -8.270118573737005319e-01 -9.941046662939947431e-01 1.061828348511681119e-01 2.193440301159196859e-02 7.560168627991492585e-02 8.238410740572518209e-01 -5.617564149414112640e-01
6.189164612746622662e-01 -5.055349926138676953e-01 -6.011462261431460563e-01 -7.759231442840957005e-01 -2.746283597413446964e-01 -5.679106780032058266e-01 1.220069183592955298e-01 8.179325371133462363e-01 -5.622283135913671570e-01
9.229235467905667623e-01 -3.173515074425320992e-01 -2.179452855729461513e-01 -3.537276007723678117e-01 -4.755807192384838844e-01 -8.054189989939588568e-01 1.519503577861695542e-01 8.204334221693792006e-01 -5.511806315139313739e-01
9.508126453305683068e-01 1.278794289242188298e-02 3.095024749433630262e-01 2.637613307445029753e-01 -5.573555857472638486e-01 -7.872640671593065242e-01 1.624354452801970161e-01 8.301754149292210894e-01 -5.333137037089142884e-01
-3.190008738612778449e-01 -4.612821021981557967e-01 -8.279234654648890412e-01 -9.344363479479731449e-01 2.990115131731800324e-01 1.934446345173201909e-01 1.583261005311361880e-01 8.353507869042411382e-01 -5.264236969486359996e-01
4.139513920836044858e-01 -5.422433366968065771e-01 -7.311746773514242737e-01 -8.974080925162948308e-01 -1.083918697326955172e-01 -4.276796909628926557e-01 1.526530722858567557e-01 8.332006759381344052e-01 -5.314825238311463584e-01
7.807451199408567133e-01 -4.537337020755194406e-01 -4.296077109286809970e-01 -5.984122862999174952e-01 -3.450755166924391881e-01 -7.230668180636916631e-01 1.798326813842341387e-01 8.216134221032965756e-01 -5.409358476990286935e-01
9.697570544143732096e-01 -9.078632552059071048e-02 2.265592604861426662e-01 1.403323658358803516e-01 -5.520747963175026696e-01 -8.219003871333147027e-01 1.996949736785159635e-01 8.288372954744837040e-01 -5.226381684474253886e-01
5.868297187331966702e-01 3.232337441096750363e-01 7.423953312625007905e-01 7.855915921355751674e-01 -4.493960956883144564e-01 -4.253104742961208995e-01 1.961548663108039214e-01 8.328043562860004689e-01 -5.176486960996327102e-01
7.726624595945891238e-01 -4.626650646064687233e-01 -4.346651142269551404e-01 -6.036755446288489813e-01 -3.236806444798066562e-01 -7.285648064559525627e-01 1.963887989430729841e-01 8.253313748924301363e-01 -5.293954677439807188e-01
9.139388939505098675e-01 4.054395454857701031e-02 4.038216015446444707e-01 3.531589248047058427e-01 -5.697388729074363001e-01 -7.420757309931029777e-01 1.999861794107352375e-01 8.208250754257734316e-01 -5.350249747413386991e-01
-6.052147230310278569e-01 -3.141320498578881737e-01 -7.314616833973994758e-01 -7.707547265032510531e-01 4.610730124311621658e-01 4.397144855250416651e-01 1.991288291518199249e-01 8.298992303043390972e-01 -5.211669376897294370e-01
3.345572321871801980e-01 -5.554850041017119766e-01 -7.612541419324916347e-01 -9.192843553717741090e-01 -1.464601478086044462e-02 -3.933214565971969723e-01 2.073348315164508515e-01 8.313975610194916932e-01 -5.155486040819867721e-01
8.209756074443942397e-01 -4.245967501950038692e-01 -3.817285052300253834e-01 -5.338618445483008790e-01 -3.337746400373187705e-01 -7.769079872182059754e-01 2.024613121482564115e-01 8.416127906536353676e-01 -5.006968421024905469e-01
9.653938944897374475e-01 -9.106954760362259704e-02 2.443787347156243794e-01 1.625710731808586718e-01 -5.225630806008616513e-01 -8.369578680900020551e-01 2.039246788565863000e-01 8.477229289645339394e-01 -4.896739334098039742e-01
-6.543196573555133400e-01 -2.653792777750874077e-01 -7.081240180404393403e-01 -7.327136885136285027e-01 4.541304083352765142e-01 5.068493098446403833e-01 1.870733456773492898e-01 8.504936279319251780e-01 -4.915934826503246535e-01
-2.294207125267839695e-02 -5.005483359811675470e-01 -8.654045439637587656e-01 -9.835413135665561635e-01 1.664808528189622716e-01 -7.021830354290951870e-02 1.792209415063155675e-01 8.495501686134584451e-01 -4.961293834620508214e-01
4.973827721292603532e-01 -5.249811381171594071e-01 -6.906556179531331274e-01 -8.484113619665889505e-01 -1.281339428508777856e-01 -5.135950287682752302e-01 1.811312752536400061e-01 8.414133926380655826e-01 -5.091315780957712533e-01
8.628660627827831053e-01 -3.939655302323462061e-01 -3.166280446935876847e-01 -4.672573390114739267e-01 -3.829351899013464511e-01 -7.968884611256058514e-01 1.926985647005568791e-01 8.355547865484141967e-01 -5.145050649297625567e-01
9.653886382675440636e-01 -6.548975000165244142e-02 2.524596398410213771e-01 1.779308155004489522e-01 -5.423612392064033338e-01 -8.210876391115868866e-01 1.906971473286435126e-01 8.375890274181100326e-01 -5.119367335418529841e-01
-6.270076099116327351e-01 -3.160294599076794442e-01 -7.120300819371063739e-01 -7.599113491643848528e-01 4.492927501052370598e-01 4.697560708644832328e-01 1.714531963075236753e-01 8.356203714446731601e-01 -5.218643466482457693e-01
-1.805054218023594836e-01 -5.099170789141692639e-01 -8.410721522744604162e-01 -9.664178200441884137e-01 2.509654568435458755e-01 5.525338516642167019e-02 1.829054121697630819e-01 8.228006514964311124e-01 -5.380935774528978754e-01
1.768459755090962537e-01 -5.727599675667729429e-01 -8.004195902769655202e-01 -9.629961790902364926e-01 6.735450458288216868e-02 -2.609630812394723165e-01 2.033810709083838653e-01 8.169512777793443981e-01 -5.396542872347583897e-01
8.417060847439042925e-01 -4.280154464650448576e-01 -3.291407669864300223e-01 -5.001061743803001391e-01 -3.882252890559017566e-01 -7.740639116275619402e-01 2.035305413243621298e-01 8.161396342077680277e-01 -5.408247555571237264e-01
9.742479088028301870e-01 -1.440401001477220333e-01 1.734746717614603639e-01 6.226600478892052593e-02 -5.675762928072602964e-01 -8.209629081090041858e-01 2.167116905959121653e-01 8.106229711725428944e-01 -5.439912147879415460e-01
