nan nan nan nan nan nan nan nan nan
nan nan nan nan nan nan nan nan nan
nan nan nan nan nan nan nan nan nan
nan nan nan nan nan nan nan nan nan
nan nan nan nan nan nan nan nan nan
nan nan nan nan nan nan nan nan nan
nan nan nan nan nan nan nan nan nan
nan nan nan nan nan nan nan nan nan
nan nan nan nan nan nan nan nan nan
nan nan nan nan nan nan nan nan nan
nan nan nan nan nan nan nan nan nan
nan nan nan nan nan nan nan nan nan
nan nan nan nan nan nan nan nan nan
nan nan nan nan nan nan nan nan nan
nan nan nan nan nan nan nan nan nan
nan nan nan nan nan nan nan nan nan
nan nan nan nan nan nan nan nan nan
nan nan nan nan nan nan nan nan nan
nan nan nan nan nan nan nan nan nan
nan nan nan nan nan nan nan nan nan
nan nan nan nan nan nan nan nan nan
nan nan nan nan nan nan nan nan nan
nan nan nan nan nan nan nan nan nan
nan nan nan nan nan nan nan nan nan
nan nan nan nan nan nan nan nan nan
nan nan nan nan nan nan nan nan nan
nan nan nan nan nan nan nan nan nan
nan nan nan nan nan nan nan nan nan
nan nan nan nan nan nan nan nan nan
nan nan nan nan nan nan nan nan nan
7.048619430192673008e-01 -7.034758522724238183e-01 -9.105694126583904757e-02 -6.955821746192961674e-01 -6.603046026378885935e-01 -2.831311888279195443e-01 1.390506369456638303e-01 2.629059851064763365e-01 -9.547488483157225980e-01
8.496951540486383792e-01 -5.102193384787860886e-01 -1.330201933111316570e-01 -4.099387783609471647e-01 -7.979068612206008382e-01 4.419217564377467267e-01 -3.316147511528931280e-01 -3.209686393705137863e-01 -8.871362856734277269e-01
7.439008074270615500e-01 6.611234023823225892e-01 -9.760858328952132235e-02 -2.821699476277918506e-01 1.783270865237439606e-01 -9.426449866559958313e-01 -6.057984065389204753e-01 7.287765755252937350e-01 3.192068194768561407e-01
7.664191590624773731e-01 6.355544071744771983e-01 9.312501351980612130e-02 4.748208517514961868e-01 -6.581942926193129484e-01 5.842306324606284518e-01 4.326047056655172862e-01 -4.035478517901702755e-01 -8.062272011980183839e-01
4.610401782651490921e-01 -8.758465187338555502e-01 1.426002442039478457e-01 -8.860516385722632116e-01 -4.455803926996577680e-01 1.279476745588843389e-01 -4.852265253102894249e-02 -1.853401987249521654e-01 -9.814757067436505888e-01
2.384425624708191027e-01 -9.202895932707215731e-01 -3.101809293298982695e-01 -7.976048695907860253e-01 -3.358533919628980957e-03 -6.031709477875868419e-01 5.540501930397773167e-01 3.912234460861470087e-01 -7.348282784603930029e-01
7.362745037735953790e-01 -6.747960964160100161e-01 5.049835001918767663e-02 -6.678566721232288561e-01 -7.126307709534777102e-01 2.147669662465295226e-01 -1.089372323562149553e-01 -1.918531014916525779e-01 -9.753589425717086314e-01
9.856568846692477237e-01 -1.671542212348746115e-01 -2.323729819656104867e-02 -1.620001538283263043e-01 -9.757386956283219392e-01 1.472750760079253318e-01 -4.729118166965056574e-02 -1.413982467250010089e-01 -9.888225725373505082e-01
9.623299170954712212e-01 -2.112298749926408981e-01 -1.711813966925637420e-01 1.760489483439074132e-01 9.639073989389447261e-01 -1.997230433819848772e-01 2.071904883193912139e-01 1.620631549160734819e-01 9.647837246598953698e-01
9.470971973133951449e-01 -2.866057300824043086e-01 -1.444439487311395820e-01 2.519119724873192245e-01 9.427009161358596012e-01 -2.187586360218932713e-01 1.988649213880120115e-01 1.707985310257177369e-01 9.650288103682691521e-01
9.169795941929764771e-01 3.035010207722467768e-01 -2.589122519771677178e-01 -2.821635980863108073e-01 9.522200031909013873e-01 1.168792943087290093e-01 2.820144105337012430e-01 -3.412031525827241563e-02 9.588032521523927043e-01
9.550543935210945579e-01 1.128387324907000888e-01 -2.741140745491674191e-01 -9.309785150801269671e-02 9.921045515369699697e-01 8.403183244592071777e-02 2.814318664626420108e-01 -5.473553936447017598e-02 9.580188543394301259e-01
9.031889699508521829e-01 3.430067501871559843e-01 -2.580621124558286072e-01 -2.888099864692943997e-01 9.303740493468298789e-01 2.258161199241280892e-01 3.175507459835746338e-01 -1.294237135459659349e-01 9.393673541789958614e-01
-1.578443717688074455e-01 -9.655706923618810888e-01 2.067810251273274336e-01 9.692224751148705852e-01 -1.915580031498535507e-01 -1.546393389841175248e-01 1.889257738719485324e-01 1.760078676680065790e-01 9.660891690138375676e-01
5.921060378635281118e-01 6.775746942561178265e-01 -4.362372905074514140e-01 -7.626691459341709001e-01 6.460077125843903811e-01 -3.177749394659701299e-02 2.602810284396398499e-01 3.515203678099061424e-01 8.992703805025443753e-01
9.585667146100746994e-01 -1.605815872977463532e-01 -2.352942996814496035e-01 1.104524784739560617e-02 8.463061511343890064e-01 -5.325822950982189719e-01 2.846539234608178037e-01 5.079167770147323679e-01 8.130145702786205630e-01
-5.786553432814535158e-01 7.651080584464931000e-01 -2.824316777418235946e-01 -7.462873069294789774e-01 -3.570558531055488816e-01 5.617529468360752398e-01 3.289578228402071369e-01 5.358365204643172897e-01 7.776027096975191011e-01
5.198648955956420847e-01 6.336996859127018711e-01 -5.728570488363349256e-01 -7.890688664850735723e-01 6.131397300483190094e-01 -3.781527971912035380e-02 3.272778853990798154e-01 4.716824986263711272e-01 8.187825146021924239e-01
9.283815554956970084e-01 -2.280543004306262445e-02 -3.709280250613867791e-01 -1.035320484921261747e-01 9.427283556633445638e-01 -3.170873103158031725e-01 3.569156796085231620e-01 3.327809486566762898e-01 8.728505243515345402e-01
5.468424979862244184e-01 -8.365762394639550958e-01 -3.321863875196229277e-02 7.561165572100400079e-01 5.105079866065069805e-01 -4.094744772556728751e-01 3.595149987260927160e-01 1.988008832357577305e-01 9.117166086650281276e-01
-7.254549072804994392e-01 6.871834841179158548e-01 3.865277038200348736e-02 -6.777911480577905046e-01 -7.230449909593219537e-01 1.334357548153275452e-01 1.196425389113092569e-01 7.060311752462444801e-02 9.903034195026593212e-01
-9.565990341005501385e-01 2.829305426850075023e-01 -6.977532496421340324e-02 -2.901433813121738758e-01 -9.470213068025462588e-01 1.377224119115540157e-01 -2.711284268815756723e-02 1.519899749258633026e-01 9.880100916910730113e-01
7.507074040328518549e-01 -5.872491149920555653e-01 3.026167055390440175e-01 6.483180633296282691e-01 7.429148449602474003e-01 -1.666169916251393213e-01 -1.269727620034177829e-01 3.212724857169368398e-01 9.384358836012635097e-01
2.574260252855263831e-01 8.997139798850511960e-01 -3.524863059823704070e-01 -9.629672984518466983e-01 2.086004900502126669e-01 -1.708210106022183816e-01 -8.016123513299672210e-02 3.834065596076997595e-01 9.200943356155060204e-01
-5.023963777936597541e-01 -8.071448220212121827e-01 3.100243794674151232e-01 8.645628347598824925e-01 -4.642401872339814162e-01 1.923854290452214899e-01 -1.135712691512815418e-02 3.646892990496204412e-01 9.310600038810228352e-01
2.772397587988061352e-01 -9.160508252514492078e-01 2.898085604279466709e-01 9.606808991131892128e-01 2.595296651903057916e-01 -9.867402376148456944e-02 1.517650224043949614e-02 3.057699109499603107e-01 9.519844722144364946e-01
6.539312714329766907e-01 -6.823287541933170663e-01 3.268047787946908311e-01 7.523215038399951871e-01 6.321029133248811105e-01 -1.856293668203548575e-01 -7.991399816039040926e-02 3.672511105050517144e-01 9.266824562550147748e-01
-8.212828748862313066e-01 4.663415816756059096e-01 -3.286639143850467182e-01 -5.453740733231304816e-01 -8.108703420623502023e-01 2.122649488507792892e-01 -1.675158486995898532e-01 3.535743451722441755e-01 9.202845336473250981e-01
9.437400752573921192e-01 3.301617589114136386e-01 1.865163010820930500e-02 -3.037858176640385044e-01 8.878676163682510669e-01 -3.455506804952808153e-01 -1.306477988309159288e-01 3.204439245126695646e-01 9.382147109822753794e-01
9.720403095114231729e-01 2.238026721221591242e-01 7.106335649206196869e-02 -1.817388748797470754e-01 9.086862139006983696e-01 -3.758461733532184601e-01 -1.486896702611859855e-01 3.524226562209007430e-01 9.239532744353605720e-01
9.750700804115219889e-01 2.110581099059603005e-01 6.850410592943781407e-02 -1.810431703568944617e-01 9.351927461789610874e-01 -3.043647449383350967e-01 -1.283031907373801683e-01 2.843747558015249366e-01 9.500890955639005320e-01
5.982513068802551848e-01 7.898504704915507713e-01 -1.350244721535424075e-01 -7.761333865348052363e-01 5.292640152863489211e-01 -3.427777245227380809e-01 -1.992795526944041440e-01 3.098642225027715691e-01 9.296622093484661065e-01
3.102042225429171296e-01 9.191956822178415365e-01 -2.425956267302058489e-01 -9.294473919226905467e-01 2.396199791603339513e-01 -2.805526888755652259e-01 -1.997520612275448526e-01 3.125085012912101057e-01 9.286751588451523931e-01
-3.251441777144805645e-01 8.482337906847611242e-01 -4.180678175116270268e-01 -9.284839791876955406e-01 -3.702329953635216109e-01 -2.906939173662537179e-02 -1.794401406880778149e-01 3.787175273006453402e-01 9.079505880966910469e-01
9.971465985558248812e-01 3.453277613891070352e-02 6.712785085706533816e-02 -9.552976952195637791e-03 9.398096411659399019e-01 -3.415648972053456633e-01 -7.488258555832155716e-02 3.399490046222928274e-01 9.374578777931377171e-01
-8.614459754121459589e-01 -5.030585636520702453e-01 6.959104096457202626e-02 5.040072797946886229e-01 -8.300407045359782243e-01 2.387657654006867247e-01 -6.234976632013116554e-02 2.407581989252571830e-01 9.685804025944835249e-01
4.947980525273945607e-01 8.689736467349806759e-01 7.725832978207725077e-03 -8.548066480802447575e-01 4.882935118382494832e-01 -1.757129497062919765e-01 -1.564623968016415345e-01 8.033833192678807578e-02 9.844111289549235533e-01
-1.495486568743507327e-01 9.836686212153431530e-01 -1.001560924925863905e-01 -9.274213492675842385e-01 -1.746714424067332683e-01 -3.307257597016671768e-01 -3.428189611876380494e-01 4.342730527971006005e-02 9.383971595259503751e-01
6.613318045999838635e-01 -6.718583426073363452e-01 3.335365222782231687e-01 6.366722011797641967e-01 7.378896591061817611e-01 2.239807117344633225e-01 -3.965964604852676989e-01 6.422786352577825042e-02 9.157434297211592966e-01
8.651137568202511563e-01 3.085985351351519523e-01 3.954050225689980658e-01 -2.694556944782393604e-01 9.508522523849010089e-01 -1.525569495231551276e-01 -4.230506074615672518e-01 2.543498077450101480e-02 9.057489968415088910e-01
-4.397820593614554414e-03 9.975027547326174027e-01 -7.049052046102444180e-02 -8.943289326433631059e-01 -3.546060635721498544e-02 -4.460025847837222890e-01 -4.473884435376144775e-01 6.108027257321568815e-02 8.922515233337358076e-01
1.083305289637499780e-01 9.940164558106090453e-01 -1.399221469781952720e-02 -8.975349242148025208e-01 9.174464163545864581e-02 -4.312933810597027184e-01 -4.274290073324021333e-01 5.928074146716655335e-02 9.021032298922004866e-01
7.532138488876646276e-01 -5.699011426050519802e-01 3.284533231698024691e-01 5.342172175206462148e-01 8.213390548270981251e-01 2.000353006852231275e-01 -3.837718884289587074e-01 2.479606164666325885e-02 9.230949533923830108e-01
-5.161717332283070059e-01 -7.981024879365777869e-01 -3.108040549374000427e-01 7.977410140716226783e-01 -5.800738818244721706e-01 1.646923376877847400e-01 -3.117306790870361666e-01 -1.629316125696083084e-01 9.360968290414206638e-01
4.312418435722239346e-02 -9.851634899965255876e-01 -1.661120185338498256e-01 9.658586335849502769e-01 -1.402905214508615162e-03 2.590658830999792439e-01 -2.554552889508011626e-01 -1.716127321466123234e-01 9.514681631627186498e-01
9.308404885441692311e-01 -2.469319176744716460e-01 2.693707722089767609e-01 2.121944055532812290e-01 9.653807240279465018e-01 1.517023135194958128e-01 -2.975054943000920993e-01 -8.405168474745594587e-02 9.510130362683637539e-01
-6.507966247640497581e-01 -7.515561973325841638e-01 -1.078287320091763646e-01 7.291559145793282681e-01 -6.582538626501654999e-01 1.871723925693113411e-01 -2.116492509547429901e-01 4.318720362703931670e-02 9.763910384744284299e-01
9.253399125650860202e-03 -9.971539495663812591e-01 7.482229259243722286e-02 9.947579131585843060e-01 1.679991882099746148e-02 1.008685131048651235e-01 -1.018384446709584140e-01 7.349669102602340853e-02 9.920822383226228780e-01
8.320976164919856588e-01 -5.535700812791974901e-01 -3.425962260298295869e-02 5.522583930829566556e-01 8.326638374732929782e-01 -4.100732902396531099e-02 5.122717928782585806e-02 1.520193661319221845e-02 9.985713180466487815e-01
9.959176654439169107e-01 8.568963783767986897e-02 -2.837762541132729521e-02 -8.357950266008039308e-02 9.941325631610119506e-01 6.866522844941147508e-02 3.409502004445747608e-02 -6.601312619595811615e-02 9.972360787586882491e-01
-6.329018435815108035e-01 -7.726116605362350898e-01 -5.006474203036170856e-02 7.730541217893788231e-01 -6.341819685866593170e-01 1.416176203731836503e-02 -4.269169914136958927e-02 -2.973974988111163786e-02 9.986455658047211914e-01
4.089034413357375136e-02 9.954015773988622584e-01 -8.662378119485836248e-02 -9.964487632084325641e-01 3.423898843622601856e-02 -7.692563923198361686e-02 -7.360599199129937154e-02 8.946167549694550303e-02 9.932667147147618003e-01
-5.791927713357667429e-01 8.021225209951684532e-01 -1.453794859832348296e-01 -8.149674689962161933e-01 -5.655794440206995954e-01 1.262850623753167534e-01 1.907244374210811944e-02 1.916229469911976402e-01 9.812832863531880667e-01
9.709780272692963843e-01 -2.371751869270836977e-01 -3.081560102169761395e-02 2.265361621107646328e-01 9.533467789253764479e-01 -1.995276581547893446e-01 7.670096359467040714e-02 1.867561239122080829e-01 9.794075312988650417e-01
9.918640063799190054e-01 -2.698310209384485736e-02 -1.244094250825443643e-01 8.716143915258109734e-03 9.893792115023352096e-01 -1.450958465369207584e-01 1.270032349321252030e-01 1.428309772017616330e-01 9.815648171508414288e-01
7.756851798588123570e-01 6.032819466624241844e-01 -1.853736620412886338e-01 -6.169184318798606181e-01 7.867450681622664144e-01 -2.106765599787696619e-02 1.331320778561488338e-01 1.307022974302559093e-01 9.824422422168934688e-01
-2.905689702625308124e-01 -9.447196334564966769e-01 1.519028889863378584e-01 9.503568121208670894e-01 -3.034048826644798469e-01 -6.904641070190634111e-02 1.113175780190869407e-01 1.242992008710290808e-01 9.859807835281517718e-01
-7.560097286596457744e-01 6.545590499800542084e-01 1.319189591234115611e-03 -6.465428983500468574e-01 -7.470625860379005445e-01 1.545308161354406740e-01 1.021350613897581000e-01 1.159738877143182134e-01 9.879870882776439212e-01
9.911174608056770863e-01 -8.285099411790147750e-03 -1.327310664985556499e-01 -1.170602274734373546e-02 9.887486011444491796e-01 -1.491280415157849593e-01 1.324731969779015528e-01 1.493571587257596089e-01 9.798690173792731217e-01
-8.581824477266567497e-01 -4.707240111740566557e-01 2.047969524140687003e-01 4.908506722921031074e-01 -8.692505583978996642e-01 5.889893237852217300e-02 1.502947235410299065e-01 1.510707517329065164e-01 9.770307692424942125e-01
-2.469946957879318172e-01 -9.559687080390194547e-01 1.584848557523260704e-01 9.556085991252712963e-01 -2.674106019439582704e-01 -1.237084283539587326e-01 1.606419171028022896e-01 1.208941653603615163e-01 9.795809181743783123e-01
6.211633872118084154e-01 -7.836612838612005971e-01 5.571226486852209892e-03 7.698751908146106437e-01 6.088765815597662057e-01 -1.912106142353501848e-01 1.464521661011533582e-01 1.230621818639172638e-01 9.815332202422759611e-01
9.812879223971021636e-01 1.186757675481099061e-01 -1.516247854225883374e-01 -1.365305989935804432e-01 9.841323101076113744e-01 -1.133269241650468606e-01 1.357696906383493163e-01 1.319077647415920485e-01 9.819200235787247655e-01
-3.748822967271806528e-01 -9.083430818111035698e-01 1.854079537842456826e-01 9.179463200535262768e-01 -3.916855357159973461e-01 -6.290464697509406955e-02 1.297606145975856440e-01 1.466127103520666886e-01 9.806461625186110309e-01
-5.600533289919668034e-01 8.271823618470950379e-01 -4.593047935823824091e-02 -8.156073857433591145e-01 -5.407924658778895388e-01 2.057379429531540627e-01 1.453439403824576537e-01 1.526854580461853850e-01 9.775286644878129483e-01
9.910398361568962811e-01 3.787496787221508732e-02 -1.280840737905808990e-01 -5.227094967347593185e-02 9.924480436487030932e-01 -1.109712957394628496e-01 1.229137541951478146e-01 1.166720509228365010e-01 9.855353071113759356e-01
-3.258138422987571503e-01 -9.309422955848951631e-01 1.648993100581291893e-01 9.402492554711596728e-01 -3.373015499948640028e-01 -4.646506168071129483e-02 9.887708406122563964e-02 1.399074932310223618e-01 9.852153143274624547e-01
4.406734702678666848e-01 -8.926384992286656717e-01 9.488625978966125363e-02 8.868869292298997564e-01 4.166093917315271122e-01 -1.996702017884633418e-01 1.387028022904883695e-01 1.721427443021705250e-01 9.752581238938147212e-01
9.935069232133357797e-01 -7.683902467168614303e-02 -8.390326462465505508e-02 6.895583658135072402e-02 9.932639066259365546e-01 -9.312306049281493525e-02 9.049356954246498552e-02 8.673278550632623762e-02 9.921130670391234974e-01
-7.242069871816647630e-01 -6.811994188299751452e-01 1.071988409590317881e-01 6.857482855384006148e-01 -7.277956124963643747e-01 7.926872787298755441e-03 7.261906497883184597e-02 7.925211805842169444e-02 9.942060013824368658e-01
-1.042106485226024642e-01 -9.879526221611339976e-01 1.144104763535174762e-01 9.941363834570731139e-01 -1.068135429323410074e-01 -1.684393460959177774e-02 2.886159769295289571e-02 1.119842998423489500e-01 9.932907554021778163e-01
6.532811225345281914e-01 -7.472833528657327751e-01 1.216197577278270714e-01 7.568792802976778145e-01 6.405845728493324565e-01 -1.295575551000686110e-01 1.890846361014679802e-02 1.766889797276174900e-01 9.840850951247648304e-01
9.999750108062789300e-01 2.256734852194301928e-03 -6.699620197386560970e-03 -3.587543255654257208e-03 9.785787374666634619e-01 -2.058416481461874392e-01 6.091575852860087355e-03 2.058605395066209764e-01 9.785623797069206153e-01
-4.339176865119742099e-01 -8.591507764375025946e-01 2.712478288925690428e-01 9.003261418437121799e-01 -4.247220076662504562e-01 9.499502364211151462e-02 3.358987414254444026e-02 2.854315321592654220e-01 9.578102947892668251e-01
-6.091599146419449662e-01 7.674651835586212556e-01 -1.998033793977209149e-01 -7.889536393845753004e-01 -5.609000460339274019e-01 2.508850200011382148e-01 8.047579322536602131e-02 3.104647007060046260e-01 9.471722738342159831e-01
8.497515108876377843e-01 4.576529488461155704e-01 -2.616794759942623338e-01 -5.161366675380454350e-01 8.233015323103111127e-01 -2.361726642061167114e-01 1.073559973494626757e-01 3.357504509422868932e-01 9.358131889031877648e-01
7.704096503318393074e-02 9.358232258953318450e-01 -3.439470592716419306e-01 -9.859179075804316295e-01 1.228616982349787501e-01 1.134499123800473686e-01 1.484269827860794644e-01 3.303632742628506147e-01 9.321102605375335415e-01
-4.233696786906742116e-01 8.713948484609517209e-01 -2.478490129919218299e-01 -8.912673897192767702e-01 -3.515495748495305883e-01 2.864530265961611755e-01 1.624824765577570218e-01 3.421752686837971069e-01 9.254812425505062334e-01
9.857885033353898097e-01 -1.052008657844791528e-01 -1.309725334945000264e-01 4.429796143402583292e-02 9.148304506847274586e-01 -4.014012171291562181e-01 1.620454174130250280e-01 3.898948888330986406e-01 9.064895246814846930e-01
-4.374155259618516256e-01 -7.699879911432450097e-01 4.645278798336074377e-01 8.707267827185498632e-01 -4.917435993847136255e-01 4.806487362869760194e-03 2.247276740949363527e-01 4.065792984884449845e-01 8.855454514233157548e-01
5.214650561737083079e-01 -8.335026211081338898e-01 1.826131862588852572e-01 8.139546878902067517e-01 4.216941447291397971e-01 -3.995645309117358268e-01 2.560311724210698192e-01 3.569977995828971240e-01 8.983321266890448298e-01
8.940551498123641139e-01 -4.423166020092861306e-01 -7.086192687861286865e-02 3.756858128459164559e-01 8.265291369033072044e-01 -4.191774753921980179e-01 2.439786038165935034e-01 3.481459599605203348e-01 9.051347034794728907e-01
-6.415153199282976892e-01 -6.551510491924783519e-01 3.990428511316657656e-01 7.365350015543402629e-01 -6.714481721514709012e-01 8.169175968111258568e-02 2.144161509370077767e-01 3.463155423258443832e-01 9.132859680083311726e-01
4.961636916975494249e-01 -8.417439432841624658e-01 2.128114775699088135e-01 8.442102505508100041e-01 4.104667242610878786e-01 -3.447116492654557218e-01 2.028069128654093611e-01 3.506910352700801647e-01 9.142675504879311799e-01
9.543773189579495275e-01 1.214605746105869577e-01 -2.727842771750277340e-01 -2.096658644646969272e-01 9.230380561446841492e-01 -3.225538283556919072e-01 2.126126956155434400e-01 3.650316092120081679e-01 9.063927216936288334e-01
-7.267907807986493385e-01 -5.499519860096722113e-01 4.114948043780222164e-01 6.545726849617389265e-01 -7.360898274120893925e-01 1.723553482849339291e-01 2.081099734469016860e-01 3.946195371043578204e-01 8.949668484851671657e-01
3.832023513587977104e-01 -8.721843209908003436e-01 3.040566857197923856e-01 8.981379690320546727e-01 2.749897732596472411e-01 -3.431163260260051140e-01 2.156482007716838678e-01 4.045678371057490064e-01 8.887185823889988123e-01
9.755141692229905015e-01 -1.043746589681706083e-01 -1.935924487433761110e-01 9.504925549004753990e-03 8.994040114533963237e-01 -4.370149660730702212e-01 2.197311130347419095e-01 4.244742097546292392e-01 8.783734303914801922e-01
-7.588339154122589747e-01 -5.014751971243585071e-01 4.155643337549395078e-01 6.097149793715508359e-01 -7.712990591687870490e-01 1.826072431621840186e-01 2.289513763881964592e-01 3.919443684943438866e-01 8.910448244928649286e-01
3.300140140025218938e-01 -8.831766822015526541e-01 3.333012129851929406e-01 9.234440648246348138e-01 2.288024091963790640e-01 -3.080592746308547514e-01 1.958106475708076277e-01 4.094489047016615091e-01 8.910722668428812110e-01
-8.354849053143752480e-01 5.484788228281300970e-01 -3.370391521615818953e-02 -5.024345761149956457e-01 -7.376286717696294293e-01 4.510692178674104436e-01 2.225409394155917486e-01 3.937955351352291355e-01 8.918523458463202269e-01
-6.260166480297222336e-01 -6.140030350219575217e-01 4.807321805053786368e-01 7.399901986569424883e-01 -6.622170912138231058e-01 1.178262703982509985e-01 2.460033785973063936e-01 4.294983085975169756e-01 8.689151515715343166e-01
5.530304352447824590e-01 -8.022095850636851155e-01 2.249824867071135159e-01 7.993232502483181845e-01 4.346837354878736459e-01 -4.148884087495971484e-01 2.350312304895480764e-01 4.092796497924840460e-01 8.816181083441461119e-01
9.444223468938245380e-01 -3.099572169135836885e-01 -1.095123480286411544e-01 2.248234263021058887e-01 8.520460919001784372e-01 -4.727281293337792789e-01 2.398350634776788559e-01 4.218340680419472299e-01 8.743770132876544920e-01
-4.050901702842954477e-01 -7.592627964246778660e-01 5.093348210209257543e-01 8.763503116896667056e-01 -4.812422768514009186e-01 -2.039613130727674362e-02 2.605994726404189388e-01 4.380934568516833272e-01 8.603267041788705827e-01
3.697858031343600471e-01 -8.681146428826098660e-01 3.311124078210828103e-01 8.954451268026167865e-01 2.379146567971879289e-01 -3.762640575002102472e-01 2.478638430383134361e-01 4.356300987005775616e-01 8.653264889164108409e-01
9.069830498920694595e-01 1.943041115513760020e-01 -3.736678464127071164e-01 -3.190440637021103587e-01 8.961574339095194075e-01 -3.084035328350657190e-01 2.749411439288848014e-01 3.989332850025632538e-01 8.747911759340852855e-01
-3.697107236887253179e-01 -7.905880886114733386e-01 4.881438875323712567e-01 8.924078695172809050e-01 -4.484120792060300453e-01 -5.034681366037713213e-02 2.586932067395407708e-01 4.170096897768471589e-01 8.713097861375315167e-01
9.013599912353474908e-01 -4.245199641652679379e-01 -8.563274038201647287e-02 3.345344522945818966e-01 8.080978745886203685e-01 -4.848345339528926656e-01 2.750215744776729476e-01 4.083633493721910979e-01 8.704036468566451745e-01
-8.467352899032805080e-01 -3.222980761473708267e-01 4.232768585029321740e-01 4.560753095824519598e-01 -8.493850909562250528e-01 2.655942003330574730e-01 2.739245531559342250e-01 4.179341064964540164e-01 8.661965260870839733e-01
5.324251801456493238e-01 -8.127825681372040645e-01 2.364485662446783598e-01 8.068706748116916128e-01 4.028668877526556114e-01 -4.320393325629213743e-01 2.558967402602035368e-01 4.208120336739201162e-01 8.703068945144704083e-01
9.404803207155780775e-01 -2.971484850539671818e-01 -1.649228431020268726e-01 1.930588040555121787e-01 8.665134876138527176e-01 -4.603071517584024219e-01 2.796874407680454144e-01 4.010700108627044402e-01 8.723060138868763413e-01
-5.611228771110215313e-02 -9.065519380263352689e-01 4.183479351311806260e-01 9.536981663736038284e-01 -1.726724852741756411e-01 -2.462600663625053032e-01 2.954847180878437118e-01 3.851594429453020774e-01 8.742659691916483400e-01
-6.837440795974367713e-01 7.219690147865300833e-01 -1.060885257868224990e-01 -6.792174818743307307e-01 -5.765149562183983223e-01 4.541961223665295089e-01 2.667539051855611354e-01 3.826110909849130270e-01 8.845626643283037716e-01
9.461927960151402806e-01 -9.584466373492861457e-04 -3.236020305082994430e-01 -1.135060246951637986e-01 9.354796083473315704e-01 -3.346554716782977890e-01 3.030438501718058508e-01 3.533793765153343536e-01 8.850352767696223477e-01
3.433599109983995201e-01 -9.132430940927379615e-01 2.192966543545378788e-01 8.924050872275417490e-01 2.444472200634992543e-01 -3.792871166987232256e-01 2.927748824772624658e-01 3.259334405904827370e-01 8.989161587685891019e-01
9.133010662123021151e-01 -3.769416695465399592e-01 -1.542599760629416727e-01 2.926934006425032653e-01 8.708161849472061400e-01 -3.949806897233337777e-01 2.832167644681355956e-01 3.155854080806976825e-01 9.056456892906519229e-01
-3.319022709434234220e-02 9.441872720955415410e-01 -3.277328241696364497e-01 -9.534649477203596124e-01 6.840805737290078792e-02 2.936408199741269431e-01 2.996714906260481981e-01 3.222277655622586279e-01 8.979789890675151653e-01
-8.123533844098704826e-01 5.786907954037044943e-01 7.210369028598290209e-02 -4.973406188639942216e-01 -7.520474055712843553e-01 4.325239977174440420e-01 3.045230494819867184e-01 3.155022394350442960e-01 8.987346934694706579e-01
-8.407245308163997510e-01 -3.498779868447684516e-01 4.132404355880442970e-01 4.375609086748684651e-01 -8.885526611377231321e-01 1.378935081310733723e-01 3.189399857076059552e-01 2.967483154232269382e-01 9.001209489898062133e-01
8.782151434738679763e-01 -4.602258411377536107e-01 -1.301166281542092684e-01 3.769250023184146925e-01 8.334840803618241978e-01 -4.040195916173711654e-01 2.943903945451288307e-01 3.057719132498133430e-01 9.054489674559864643e-01
-6.844751973309266546e-01 -5.855697419575091045e-01 4.342830661476511089e-01 6.636875916702019707e-01 -7.470022347371807481e-01 3.881290971654960398e-02 3.016827553934704476e-01 3.147947563119083414e-01 8.999398738230958150e-01
3.773087697461988688e-01 -8.964903479896092486e-01 2.322566430354115752e-01 8.813809718968975693e-01 2.706366358477346745e-01 -3.871994237019227292e-01 2.842633895715208081e-01 3.508003239714713173e-01 8.922631103272287145e-01
-2.560189927279791222e-01 -8.617249466364543808e-01 4.380461068277527459e-01 9.166617513570364251e-01 -3.602818229398515593e-01 -1.729978082467761580e-01 3.068965769792845188e-01 3.572493868483714863e-01 8.821492881790816698e-01
-8.101659380371845076e-01 5.842652981092824049e-01 4.759426719259791938e-02 -4.977222850867326631e-01 -7.285046877763329265e-01 4.706946428587741593e-01 3.096831925894105719e-01 3.576520394366278222e-01 8.810115430086320476e-01
7.256838213996478215e-01 5.152820587423986298e-01 -4.559247649525077772e-01 -6.216825428587520186e-01 7.749819912450109927e-01 -1.136385900589842457e-01 2.947775555626310218e-01 3.659061535204256588e-01 8.827337534910549843e-01
9.464759150763605300e-01 -1.351971639620136445e-02 -3.224911773195234810e-01 -1.096930938803297451e-01 9.261834920881366617e-01 -3.607652479638048248e-01 3.035634486154866196e-01 3.768306731835808776e-01 8.751273486828542447e-01
-1.639508399955582341e-01 -8.779003537219806086e-01 4.499012013760048667e-01 9.395826939486271456e-01 -2.779050194674335117e-01 -1.998828691685354542e-01 3.005070436728419225e-01 3.899484184986866664e-01 8.704227407492187707e-01
8.594700309646112757e-01 -5.033982112684201038e-01 -8.889041998688695934e-02 4.007599644209204892e-01 7.714909813486490187e-01 -4.941589993261690794e-01 3.173369136911629584e-01 3.890911289009983953e-01 8.648152268661291053e-01
6.464460520590817882e-01 -7.531854293233339881e-01 1.217341810349581444e-01 6.982236313340310918e-01 5.196987307510849696e-01 -4.923382880727742439e-01 3.075569255015171422e-01 4.032678245418746532e-01 8.618490582841742409e-01
-7.661534200738235878e-01 -4.194911535387986223e-01 4.868635424961200719e-01 5.588655179683312824e-01 -8.089349623159242109e-01 1.824652283831702526e-01 3.172983922669199708e-01 4.118876046273080016e-01 8.542074288012285743e-01
4.490519371586493835e-01 -8.589112492020657408e-01 2.462190563872166948e-01 8.394396453269963310e-01 3.111435359242162302e-01 -4.455679318643372966e-01 3.060938411457362895e-01 4.067691803058866018e-01 8.607237619387104743e-01
8.748721078437743381e-01 2.435659941018926689e-01 -4.186578572464013659e-01 -3.849038685819314298e-01 8.743123903508960293e-01 -2.956803274307682194e-01 2.940200790212371684e-01 4.198255001736550529e-01 8.586610172450394041e-01
9.413765270046418054e-01 2.397844872810833694e-02 -3.365044849645727476e-01 -1.842468743075807991e-01 8.721136723507962873e-01 -4.532889054529070094e-01 2.826009973665440378e-01 4.887154350901977695e-01 8.254052942597550624e-01
-1.390687257095216678e-01 8.650656473887030629e-01 -4.819972149686074792e-01 -9.436144482010840884e-01 3.189790659354763136e-02 3.295061406121482239e-01 3.004191449886197129e-01 5.006435351254560073e-01 8.118524422956385767e-01
9.387701097983891518e-01 -6.609359473889914183e-02 -3.381454090825582459e-01 -1.235313351317562230e-01 8.516128221944305743e-01 -5.094071164742430824e-01 3.216375136542473645e-01 5.199877285172481711e-01 7.913040325954279197e-01
-7.814570731997033670e-02 8.514046628180323983e-01 -5.186553273216943927e-01 -9.352389415097903669e-01 1.175768143631804596e-01 3.339218696160123345e-01 3.452844779469655401e-01 5.111612200235055026e-01 7.870786723275969843e-01
-1.450473021358574810e-01 8.515693926944666314e-01 -5.037765869600197011e-01 -9.108385129930361979e-01 8.393969335548967514e-02 4.041377625612594393e-01 3.864382012582914805e-01 5.174782094981036362e-01 7.634669732888861304e-01
8.879507575807259467e-01 -3.784825727380780602e-02 -4.583786224652615093e-01 -2.044385205722211718e-01 8.602665881197806286e-01 -4.670613328793053465e-01 4.120052711046990890e-01 5.084377118055732891e-01 7.561367269190513163e-01
2.291393628902090029e-01 -8.742674288709491037e-01 4.279621656053825829e-01 8.803425860130497105e-01 -1.460415347241339479e-03 -4.743361660667146928e-01 4.153216628423390122e-01 4.854424064730988864e-01 7.693202105570092764e-01
8.585579968655074889e-01 7.709488574761164115e-02 -5.068871122940985519e-01 -3.047983362553548514e-01 8.717155180533049386e-01 -3.836795926303951942e-01 4.122816273304632517e-01 4.839095309834487990e-01 7.719167219260922863e-01
7.896228488251642030e-01 2.125945971829390491e-01 -5.755860438386738442e-01 -4.590360263657117801e-01 8.271421091982562590e-01 -3.242250108943438569e-01 4.071629687380837748e-01 5.202302071580269249e-01 7.507188877660576631e-01
5.837188517933460385e-01 -7.858229923224760993e-01 2.043392443912996348e-01 6.963567829184227342e-01 3.550793355708145027e-01 -6.237033720720881469e-01 4.175638070338021368e-01 5.063604350538640775e-01 7.544796729319477313e-01
5.522122632856417690e-01 5.142860505800440629e-01 -6.561794529362595663e-01 -7.133941414074049803e-01 6.987795292463445662e-01 -5.268746066995988464e-02 4.314283431608784136e-01 4.972092393399756283e-01 7.527632808741550052e-01
8.229899525205942590e-01 -5.559638833440919692e-01 -1.165834399351255157e-01 3.642992983225945558e-01 6.740270556429928117e-01 -6.426301809772888562e-01 4.358595637264544020e-01 4.864069167663994664e-01 7.572547471161801269e-01
-1.542196852591426470e-01 -8.012290446144105793e-01 5.781421163908149197e-01 8.961152885165388771e-01 -3.598910632883916549e-01 -2.597225678528364279e-01 4.161654459052209765e-01 4.780276567641564278e-01 7.734958829903869626e-01
9.123279023640338270e-01 -1.438280369846234863e-01 -3.833683533433499546e-01 -7.352603805753189781e-02 8.635128009832906404e-01 -4.989384373502949166e-01 4.028048166241364747e-01 4.833830140945600817e-01 7.772317166645055231e-01
7.107265104711480985e-01 3.655316341863535934e-01 -6.010444673421081463e-01 -5.668425608680219829e-01 8.035643629610573768e-01 -1.815869647512530216e-01 4.166021345385639285e-01 4.697562548684623973e-01 7.783133832267491448e-01
-7.551759822735122363e-01 6.547567923814004986e-01 3.166668008579046067e-02 -5.011112160757676959e-01 -6.077605343898426771e-01 6.160476296206636171e-01 4.226071283358829311e-01 4.493558452591807084e-01 7.870721310090365019e-01
-2.513144891947750592e-01 -7.912208951164075854e-01 5.575038319616822946e-01 8.747114678349463546e-01 -4.322584692918500782e-01 -2.191630985442126756e-01 4.143921760347350491e-01 4.325761330178276576e-01 8.007228069591497688e-01
9.154264806033367563e-01 -1.434132236957060269e-01 -3.760678208506999520e-01 -4.936927927171292502e-02 8.872984449603594781e-01 -4.585456834767059897e-01 3.994459073196023891e-01 4.383310584936149779e-01 8.051762852229853440e-01
3.500221233347485250e-01 -8.853722763924860573e-01 3.059418986863709500e-01 8.491266518135315300e-01 1.619693448731876484e-01 -5.027423400722202951e-01 3.955609211691362703e-01 4.357543614433917467e-01 8.084860506693274385e-01
7.213210019540593487e-01 4.053985328271815236e-01 -5.615585826265683256e-01 -5.764312476278847797e-01 8.008735301723374223e-01 -1.622609177450269335e-01 3.839570664776881248e-01 4.407421221654073129e-01 8.113712792864813395e-01
-7.613951886654509726e-01 6.482534578780470014e-01 6.694850727027190640e-03 -5.215078298577345839e-01 -6.185975120533866445e-01 5.876790803478002534e-01 3.851064139613599724e-01 4.439646071822784812e-01 8.090664234136196731e-01
9.271539999105142815e-01 -4.222659933956934841e-02 -3.722933987571490078e-01 -1.297337195733524740e-01 8.959847965735925346e-01 -4.247121452403272990e-01 3.515033747428278343e-01 4.420725716635151015e-01 8.252376742049585268e-01
5.355008698338248330e-01 -8.115858338487428325e-01 2.335963456547602568e-01 7.750307664934439345e-01 3.623731025741152023e-01 -5.176997638780556077e-01 3.355087620253779934e-01 4.582730286923408225e-01 8.230551025158322487e-01
-4.553219047295986033e-01 -6.786196606637435735e-01 5.763309112255179389e-01 8.254703309823492319e-01 -5.643111346451048504e-01 -1.231568038904012896e-02 3.335876132911727021e-01 4.701364689919085293e-01 8.171236165859601108e-01
9.381958672308325919e-01 -1.838650125405185132e-01 -2.932271676950501949e-01 9.048095662529578864e-03 8.599609566183702425e-01 -5.102796145809660455e-01 3.459864833716310151e-01 4.760890780678468381e-01 8.084754437016870021e-01
-4.824615951639479317e-01 8.309681767643195549e-01 -2.769886250315013454e-01 -8.019733622136355766e-01 -2.918994126975031356e-01 5.211846689673533817e-01 3.522350571587329338e-01 4.735890856764286561e-01 8.072445988896727043e-01
-4.269547003389159712e-01 -6.841869463265524143e-01 5.912680494791289210e-01 8.336840313775853994e-01 -5.510873510168929901e-01 -3.568847678454739603e-02 3.502579330786438350e-01 4.776933682034230078e-01 8.056850664434244136e-01
9.326976213384978731e-01 -9.299742430810231664e-02 -3.484632351074743450e-01 -9.732311521584623148e-02 8.654430607807569453e-01 -4.914636505288238477e-01 3.472799424012150693e-01 4.923005054014201187e-01 7.981458851534066756e-01
6.035515590646078898e-01 -7.643277306547174854e-01 2.269991975820420949e-01 7.178859102948772497e-01 3.970492953419888504e-01 -5.718318606623152833e-01 3.469370769329452875e-01 5.080895366179469796e-01 7.883398299138407728e-01
-1.840905244940041208e-01 -7.687844573162356809e-01 6.124386801799051039e-01 9.250078081591686097e-01 -3.462027185055313594e-01 -1.565382782068039935e-01 3.323721312566584873e-01 5.376933474466289997e-01 7.748642658398601224e-01
9.193992090912282977e-01 -3.498042907164649606e-01 -1.798389627382643574e-01 1.561677366060608141e-01 7.442927186060381839e-01 -6.493381146008391225e-01 3.609940891008660002e-01 5.689159052323842225e-01 7.389302811550306771e-01
5.852698972071370687e-01 -7.589916887047498673e-01 2.852906656381509753e-01 7.219134338665531558e-01 3.275621576993913431e-01 -6.095441139460875402e-01 3.691884903760531134e-01 5.627029849933542494e-01 7.396385666346907417e-01
-2.833868067516713898e-02 -7.915865662436376571e-01 6.103995636631779353e-01 9.230587132320883237e-01 -2.550690561736633222e-01 -2.879277487652027179e-01 3.836137785636903330e-01 5.552751432625842032e-01 7.379091977816810699e-01
-6.039618396300553416e-01 -4.669932417123604518e-01 6.458694980146223452e-01 6.991438557019383770e-01 -6.994923906768315547e-01 1.480144061212905759e-01 3.826590718967816662e-01 5.409507441349832302e-01 7.489621666779313625e-01
9.055862177088177534e-01 -7.201450342489879031e-02 -4.180042028404774568e-01 -1.702353327296807772e-01 8.409223433135881720e-01 -5.136823376430210697e-01 3.885016522310462128e-01 5.363427298029209700e-01 7.492682713162878150e-01
-8.272659236090206258e-01 5.606570934025878472e-01 3.598215186278069799e-02 -4.012557784676697437e-01 -6.344637453726542642e-01 6.606432895701037644e-01 3.932237173437258537e-01 5.320896347656715042e-01 7.498371347788238550e-01
4.604277186226920504e-01 -8.207418839793040322e-01 3.382145410919016326e-01 7.994315760627539458e-01 2.177438376077632520e-01 -5.599078284661372917e-01 3.858956738779594775e-01 5.281764677320890389e-01 7.563822762441813063e-01
3.006234276929195884e-02 8.108779703178492504e-01 -5.844426172007197717e-01 -9.218968311782407277e-01 2.484486311099970424e-01 2.972869158962215819e-01 3.862673791698438830e-01 5.298586556363633626e-01 7.550147792172587913e-01
-4.764058231561162371e-01 -5.816503916138057173e-01 6.593332341073443459e-01 7.963675349732423081e-01 -6.032658988214130158e-01 4.323198537928552021e-02 3.726073548704923466e-01 5.456675519532929730e-01 7.506068756957366972e-01
-7.806392685666665443e-01 -2.482329086082301073e-01 5.735701835482716060e-01 5.027698069549809690e-01 -7.945767269914902897e-01 3.403973356798517536e-01 3.712476984253924583e-01 5.541012976048589334e-01 7.450818065195662365e-01
9.206038640060859590e-01 -1.238829909366457871e-01 -3.703262482374902187e-01 -1.150728227326585640e-01 8.201693375140308717e-01 -5.604288565644472975e-01 3.731578366394069368e-01 5.585474575704261202e-01 7.407954957990843248e-01
8.651104226377659412e-01 -4.971985481440872046e-01 -6.616313450039965072e-02 3.342094528012516941e-01 6.697570779197545843e-01 -6.631210283460173827e-01 3.740160401664533452e-01 5.515605681154189810e-01 7.455822834526061316e-01
-5.988406218679394044e-01 7.564993562829049889e-01 -2.628661894279489264e-01 -7.172957577928926742e-01 -3.606524667351481694e-01 5.961682598815311040e-01 3.561975651982194901e-01 5.455625740292340264e-01 7.586071264926640412e-01
-1.696604345769194555e-01 8.342911276955974342e-01 -5.245699678666129184e-01 -9.251245632693090304e-01 4.862010873768379815e-02 3.765376839867505820e-01 3.396466978713925666e-01 5.491761095265746961e-01 7.635743063712363554e-01
-2.590523062914936170e-01 -7.233558381986854302e-01 6.400376816633022159e-01 9.124761216418050269e-01 -4.005461159017141837e-01 -8.336747848879783040e-02 3.166689597017490199e-01 5.624225638965130170e-01 7.638073249069328163e-01
-6.216211694706169633e-01 -4.826354357163442632e-01 6.169685225818877239e-01 7.215538855280737573e-01 -6.593596781691325459e-01 2.111984968792095518e-01 3.048722879261443475e-01 5.764614913379667582e-01 7.581194081799287332e-01
8.447189047243056637e-01 2.070971035893609535e-01 -4.935187551514804705e-01 -4.453273564530808581e-01 7.834435870682806557e-01 -4.334739801603970655e-01 2.968728980487778668e-01 5.859410683392002328e-01 7.540156144521389381e-01
