nan nan nan nan nan nan nan nan nan
nan nan nan nan nan nan nan nan nan
nan nan nan nan nan nan nan nan nan
nan nan nan nan nan nan nan nan nan
nan nan nan nan nan nan nan nan nan
nan nan nan nan nan nan nan nan nan
nan nan nan nan nan nan nan nan nan
nan nan nan nan nan nan nan nan nan
nan nan nan nan nan nan nan nan nan
nan nan nan nan nan nan nan nan nan
nan nan nan nan nan nan nan nan nan
nan nan nan nan nan nan nan nan nan
nan nan nan nan nan nan nan nan nan
nan nan nan nan nan nan nan nan nan
nan nan nan nan nan nan nan nan nan
nan nan nan nan nan nan nan nan nan
nan nan nan nan nan nan nan nan nan
nan nan nan nan nan nan nan nan nan
nan nan nan nan nan nan nan nan nan
nan nan nan nan nan nan nan nan nan
nan nan nan nan nan nan nan nan nan
nan nan nan nan nan nan nan nan nan
nan nan nan nan nan nan nan nan nan
nan nan nan nan nan nan nan nan nan
nan nan nan nan nan nan nan nan nan
nan nan nan nan nan nan nan nan nan
nan nan nan nan nan nan nan nan nan
nan nan nan nan nan nan nan nan nan
nan nan nan nan nan nan nan nan nan
nan nan nan nan nan nan nan nan nan
8.688032344045856226e-01 2.451018015057522814e-01 4.302395225763964159e-01 2.991194675502257261e-01 4.326440748631731337e-01 -8.504978827829370314e-01 -3.945991434615644944e-01 8.676083283281830205e-01 3.025678512251027685e-01
-8.555518433105854248e-01 -4.289212289596138206e-01 -2.899269265791538652e-01 3.707089221924504407e-01 -8.984591225864593245e-01 2.352575185792817880e-01 -3.613944360595101601e-01 9.379650520645088640e-02 9.276832849611360565e-01
8.786379542844500179e-01 4.270811240232504358e-01 2.135346781997571053e-01 3.201368231661159691e-01 -8.587031944114721371e-01 4.001765090065138586e-01 3.542707435619592560e-01 -2.832499557115072397e-01 -8.912136123542355737e-01
8.529795931978929602e-01 4.083695588505442675e-01 3.250540216520461101e-01 3.843500891601379643e-01 -9.127892387986052958e-01 1.381695136274883051e-01 3.531300363188483726e-01 7.078766677499404025e-03 -9.355474699403414363e-01
-8.504110614627525822e-01 -2.829734245731129194e-01 -4.435392513940102366e-01 -3.786558531991554011e-01 9.144904252519401311e-01 1.425728128380209236e-01 3.652680815234392031e-01 2.891942307652256572e-01 -8.848423167504453346e-01
-8.965831001962784041e-01 -2.292591964424307571e-01 -3.789181511738402008e-01 -4.229010393908934073e-01 6.972449481669005245e-01 5.787954674475589423e-01 1.315045829031535607e-01 6.791831145591791241e-01 -7.220919896890981571e-01
-7.883163470065364109e-01 -4.832133744225010075e-01 -3.808702821453650578e-01 -6.148220132545002548e-01 6.422890997441111915e-01 4.576664772163047679e-01 2.347826782268283563e-02 5.949533991239303043e-01 -8.034172165263373522e-01
-7.801428746910236134e-01 -5.380361321655672269e-01 -3.192087335163967809e-01 -6.222553554090634043e-01 6.146559757710617911e-01 4.847641737109541493e-01 -6.461708546171326950e-02 5.768146599500050264e-01 -8.143153445276551938e-01
-7.107278997863228920e-01 -5.825814280226059294e-01 -3.942901624292240448e-01 6.958689826306722059e-01 -5.000810726009482510e-01 -5.154466799183390346e-01 1.031126155127285587e-01 -6.407166304611007224e-01 7.608219160701785722e-01
-7.638903682217674795e-01 -5.523949058493543562e-01 -3.336635630836781163e-01 6.441729487466764104e-01 -6.215160150783606285e-01 -4.458240180879977643e-01 3.889366839248556418e-02 -5.554977146602840810e-01 8.306079529875554091e-01
-8.638712237797051552e-01 -4.450442535043387382e-01 -2.359282118529285044e-01 4.983336200955856277e-01 -6.868362848462088444e-01 -5.290742111472509501e-01 7.341738082895049589e-02 -5.746229461494058999e-01 8.151186158779553104e-01
-8.766882846610144497e-01 -3.780951972877202305e-01 -2.974250717846226855e-01 4.803512542021257659e-01 -6.545095716752477033e-01 -5.838492041374456765e-01 2.608302368539277757e-02 -6.547222635388565415e-01 7.554193759111447193e-01
-8.000811481157171778e-01 -4.988079876304213345e-01 -3.332577799630869753e-01 5.929093044608534369e-01 -5.730083864013419959e-01 -5.657914331248553585e-01 9.126178342319925252e-02 -6.502706979326533521e-01 7.542011046773912097e-01
-6.061566863881652223e-01 -7.150477073445071774e-01 -3.482539989264779590e-01 7.682247754137617735e-01 -4.130085117084683066e-01 -4.891366513530049920e-01 2.059241753349886073e-01 -5.640308018873785301e-01 7.996652352921723717e-01
-4.885618099275288451e-01 -7.945337645345235122e-01 -3.605876521664818091e-01 8.383198449985354017e-01 -3.128608265970176938e-01 -4.464727770678325602e-01 2.419239454084047281e-01 -5.204173327202212818e-01 8.189252740283461396e-01
-6.752155838337301486e-01 -6.991845608722072614e-01 -2.349997131615559343e-01 7.163445826232377467e-01 -5.456040056489286361e-01 -4.349329925013545317e-01 1.758816485436005550e-01 -4.620143059016488252e-01 8.692573996508761169e-01
-7.896159145836920690e-01 -5.667963304626727483e-01 -2.350502652842748896e-01 6.135516398816593941e-01 -7.244457990122132873e-01 -3.142175512158451034e-01 7.816177754208761957e-03 -3.923266548013336075e-01 9.197927501876224099e-01
-9.095897844626807949e-01 -3.660226616063587124e-01 -1.966566428873705585e-01 4.079330156894386272e-01 -8.766143083556169335e-01 -2.552214902721232637e-01 -7.897517781970603279e-02 -3.123695977152707304e-01 9.466721479538445783e-01
-8.975642079749500679e-01 -3.753669861964203935e-01 -2.312533637293022470e-01 4.149130946444846701e-01 -8.965328152151079699e-01 -1.551645421319259865e-01 -1.490825826675860610e-01 -2.352201881563093511e-01 9.604404440822307265e-01
-8.878444284715317769e-01 -3.825551387015692084e-01 -2.557026333166756427e-01 4.082473123831839579e-01 -9.112626030869497296e-01 -5.417194981817308186e-02 -2.122884894759159147e-01 -1.524861766463404544e-01 9.652365322385052515e-01
8.297656924135398127e-01 4.589169622081566424e-01 3.176226022988857256e-01 -4.841295665493624556e-01 8.749961701321742336e-01 5.148269162403851240e-04 -2.776822977544756155e-01 -1.541976784898675401e-01 9.482170729649040952e-01
8.366149517763461496e-01 4.344159653526028508e-01 3.337037481225346158e-01 -4.446158114772824077e-01 8.943478587182249750e-01 -4.958515695774334819e-02 -3.199878164065930730e-01 -1.068862790674862673e-01 9.413729976467606342e-01
8.345391052937648491e-01 4.068281404967483694e-01 3.715310832695430943e-01 -4.547183674860876268e-01 8.893657863850201739e-01 4.753634692045871635e-02 -3.110879104148370766e-01 -2.086129480825980043e-01 9.272027555427224677e-01
8.939484789101194151e-01 3.083381939700230445e-01 3.252440240705249952e-01 -3.425575441222631357e-01 9.380427168103417923e-01 5.225122394735859377e-02 -2.889817399407917375e-01 -1.581246962949741652e-01 9.441854343307858333e-01
9.750838515314282917e-01 1.279942325794963531e-01 1.811876345367456342e-01 -1.448993468650986438e-01 9.859325965318443963e-01 8.331323048617644833e-02 -1.679751819784796874e-01 -1.074913555703934653e-01 9.799132342799212747e-01
-9.563830535343010864e-01 -2.781991874968315348e-01 -8.908797331014504939e-02 2.820733445765550851e-01 -9.587872658186775698e-01 -3.408235882888099866e-02 -7.593472981319110415e-02 -5.772513300155662774e-02 9.954404682491817535e-01
9.711372362481438536e-01 1.937784256734552124e-01 1.390769215787937552e-01 -1.931150877058338822e-01 9.810039555365974717e-01 -1.837939394858256748e-02 -1.399965402168384665e-01 -9.008938065403926387e-03 9.901110077977360868e-01
9.480493069587760946e-01 1.504483292663319483e-01 2.802995037383291810e-01 -1.226272625802018179e-01 9.858394024073749984e-01 -1.143819353445121312e-01 -2.935388663313097113e-01 7.406735368594796753e-02 9.530734290026608990e-01
7.528796896158750362e-01 5.902341022454291597e-01 2.911973171415491168e-01 -4.882838192905332164e-01 7.975775694366376012e-01 -3.541877080738338179e-01 -4.413061123335518809e-01 1.244737935393538386e-01 8.886817146419571101e-01
6.200343376654772198e-01 7.649160501729996842e-01 1.745303879084380005e-01 -6.242157009215000274e-01 6.157087495066643212e-01 -4.808923938928751918e-01 -4.753021973847939008e-01 1.892251885153678481e-01 8.592331751000481521e-01
5.291639513462790267e-01 8.447340978849318116e-01 8.006132940517152186e-02 -6.558129087345799801e-01 4.670326796705845385e-01 -5.931187948942460153e-01 -5.384189273536754694e-01 2.613518318096195170e-01 8.011243840235258151e-01
4.492869983076507312e-01 -6.791010135357222754e-01 5.804851475847214726e-01 6.878047688537352045e-01 6.775968040206801213e-01 2.603596956577947097e-01 -5.701454139899407858e-01 2.822842266151515123e-01 7.715243497845837295e-01
4.841729733977631067e-01 -6.355000303176099319e-01 6.014285022323815344e-01 6.628998168126394308e-01 7.150649322715100231e-01 2.219143427210366060e-01 -5.710870027420850148e-01 2.912419168008911763e-01 7.674879681123375486e-01
-3.812189172982979185e-02 9.133410486099258208e-01 -4.054070180634028464e-01 -8.881017291895705323e-01 -2.169395559729614398e-01 -4.052314741783379914e-01 -4.580633580427861951e-01 3.445944833835495880e-01 8.194099108750092508e-01
-3.668634689690900008e-01 7.840474778683300672e-01 -5.006802847968712111e-01 -8.890027966675029258e-01 -4.540109353203665155e-01 -5.956591413622758235e-02 -2.740168291425258973e-01 4.232536155283688206e-01 8.635804272265781290e-01
9.364502429371636127e-01 -1.455393878542945996e-01 3.191852582528279525e-01 3.074248675390701124e-01 7.787346531283545481e-01 -5.468658801165477978e-01 -1.689700959386377932e-01 6.102381720279862476e-01 7.739886821384591720e-01
-9.031262763996522613e-01 2.421598534156849114e-01 -3.545723258662373256e-01 -4.259894755524988308e-01 -6.088267358304640942e-01 6.692256513736826173e-01 -5.381352613428956599e-02 7.554393497374337629e-01 6.530049718595389852e-01
8.968679889056280219e-01 -2.432584950097479437e-01 3.693956078271189991e-01 -4.420831501741632752e-01 -4.669778087973235348e-01 7.658291026220789277e-01 -1.379488341604923583e-02 -8.501511810827785398e-01 -5.263579300201475242e-01
-8.032980486325594915e-01 2.635881328508090649e-01 -5.340725992628214680e-01 5.952779999067329131e-01 3.269193033534235626e-01 -7.340080870957430559e-01 -1.887717908380717388e-02 -9.075489327386905281e-01 -4.195218549667008023e-01
8.891982440234256213e-01 -3.035457270912532701e-01 3.423251004386016483e-01 -4.214198585005292097e-01 -2.520780623469379145e-01 8.711268296550205292e-01 -1.781341788850480667e-01 -9.188670426389532464e-01 -3.520675677549607308e-01
1.944400476827769786e-01 8.819868492343766464e-01 -4.292927505033560798e-01 7.378846794276573869e-03 -4.389482390115299615e-01 -8.984820510664992543e-01 -9.808866501676459793e-01 1.715332074156315223e-01 -9.185716235874002988e-02
1.660193298091672265e-01 7.417803214639069331e-01 -6.497688333696972629e-01 -6.840106251927416392e-02 -6.486635304350504283e-01 -7.579953290949561495e-01 -9.837473643044485350e-01 1.702867551292202297e-01 -5.695212245045540994e-02
6.047467671161000924e-01 -3.351087424858372188e-01 7.224842409161503776e-01 -7.369351406475944666e-01 1.085491255829125062e-01 6.671908915849312782e-01 -3.020065332759133137e-01 -9.359055604305095422e-01 -1.813086755064930999e-01
3.140673746805876521e-01 2.049434736184490013e-01 -9.270166432068236428e-01 -4.281139890844051221e-01 -8.409434989642492475e-01 -3.309568610861596261e-01 -8.473960682652954546e-01 5.008115455647659253e-01 -1.763737489468004960e-01
-6.181412442943083896e-01 3.321137150031925334e-01 -7.124618462830569765e-01 7.254917924075011681e-01 -1.078619976262275570e-01 -6.797260099609481188e-01 -3.025938883249883471e-01 -9.370519034583185691e-01 -1.742718249560342159e-01
6.989090260301915603e-01 -3.394938757659509143e-01 6.294998662834981884e-01 -6.374303839339396927e-01 1.034890551448477691e-01 7.635263722380891682e-01 -3.243588737361124408e-01 -9.348978146207418405e-01 -1.440742768366410353e-01
-4.403814808803389602e-01 3.032372361879412948e-01 -8.450510812292582052e-01 8.100765637491635918e-01 -2.716095529983942880e-01 -5.196192948537996514e-01 -3.870918652748815969e-01 -9.133867906364263600e-01 -1.260335611212413665e-01
-4.449751277977576081e-01 3.322269366025762949e-01 -8.316383818926572635e-01 8.179990345578337374e-01 -2.272098716928989681e-01 -5.284441821685127438e-01 -3.645198418520195216e-01 -9.154239109838476773e-01 -1.706585717015544068e-01
2.289906086740763902e-01 -3.655295893190503298e-01 9.021925628552489584e-01 -8.727746852496619523e-01 3.333402876542019833e-01 3.565790254823850702e-01 -4.310773131660137758e-01 -8.690640781661961300e-01 -2.426931769018448870e-01
-1.997008533298589572e-01 4.862610612448445835e-01 -8.506878096554360003e-01 4.325189846316177533e-01 -7.352734813586078166e-01 -5.218239507190403081e-01 -8.792308554142993504e-01 -4.721473159172144274e-01 -6.348239881738312884e-02
-8.074727915696662886e-03 -3.608605203483619128e-01 9.325848399062665051e-01 -5.577109887371914931e-01 7.757172901683228039e-01 2.953322514993892423e-01 -8.299959348158709727e-01 -5.177280855698518369e-01 -2.075195836573130725e-01
-5.259421946938869219e-02 -2.468859164606073409e-01 9.676162422840016708e-01 -5.643749016679978636e-01 8.067222129067898040e-01 1.751577619462236501e-01 -8.238415008031845232e-01 -5.368860358178242365e-01 -1.817651399421193747e-01
-2.657967714599842601e-01 4.190481714950677894e-03 9.640199770463502293e-01 -6.903894708221007814e-01 6.971123389180386987e-01 -1.933824332926873946e-01 -6.728405865132012220e-01 -7.169496682412354049e-01 -1.823971445756585874e-01
-1.018600384105120549e-01 2.725878128423979696e-01 -9.567237934037214897e-01 7.927579217576007364e-01 -5.587435593172946913e-01 -2.435990813037077762e-01 -6.009653983929347243e-01 -7.832633779331432677e-01 -1.591825075917034371e-01
-1.986663566886701371e-01 2.100384556361769017e-01 -9.572959447704872948e-01 7.509003679109043095e-01 -5.950831990825189433e-01 -2.863994127804451173e-01 -6.298256236382563378e-01 -7.757318050226413852e-01 -3.949494252428079055e-02
-7.072012590265308596e-02 9.132822357466763297e-03 -9.974543876028116873e-01 7.861519843625274229e-01 -6.149787347468450571e-01 -6.136948176438949965e-02 -6.139737138307904685e-01 -7.884908036020180644e-01 3.631158712959826895e-02
1.397246189654811205e-02 -1.696995595766215836e-01 -9.853967879935727758e-01 7.088678350471981915e-01 -6.933592484675956680e-01 1.294578889058098647e-01 -7.052029230966414541e-01 -7.003249331874109584e-01 1.106066237257100487e-01
-7.912181106976640121e-02 4.434806361283998855e-01 8.927847805558682959e-01 -5.923818246280240229e-01 6.993938916403567019e-01 -3.999149386888792845e-01 -8.017627534772449049e-01 -5.605114715287339289e-01 2.073725570592213352e-01
-3.598388089282413271e-01 6.485525189791940814e-02 -9.307576633530139087e-01 4.063895303294461359e-01 -8.870845877888098308e-01 -2.189257493904477325e-01 -8.398592627504425367e-01 -4.570281505649452791e-01 2.928509661303318468e-01
-4.195765862617809594e-01 4.735948527595239543e-01 -7.743793667838747563e-01 1.760068672675872692e-01 -7.944663294703722123e-01 -5.812442120249661226e-01 -8.904926001576657368e-01 -3.801725486901417206e-01 2.499835240308481699e-01
8.515817112244329634e-02 5.530979094915853267e-01 8.287525495629673999e-01 -4.371395407602663430e-01 7.681865818933143464e-01 -4.677589093785059493e-01 -8.953530632074612194e-01 -3.224470156709532409e-01 3.071983305454508151e-01
-4.254993332019498808e-01 4.600131761510306561e-01 -7.793190586737479553e-01 3.211095215412038684e-01 -7.283813062709734165e-01 -6.052679967176270992e-01 -8.460726875512972756e-01 -5.077878990704991491e-01 1.622111492385576725e-01
3.444391612172940098e-01 -4.377685278809798630e-01 8.304940579058026628e-01 -3.633893684157525339e-01 7.534981913406837428e-01 5.478947367594607654e-01 -8.656268428961336747e-01 -4.905091147402238505e-01 1.004538561451701895e-01
-3.854307581730905818e-01 6.647178823120277746e-01 -6.399947402820820308e-01 3.971583697730320939e-01 -5.065437163078572169e-01 -7.652964737853248378e-01 -8.328915655554113284e-01 -5.491480678320173059e-01 -6.876074187367486878e-02
-3.810042374448349700e-01 6.902822457983447402e-01 -6.150985223398549584e-01 4.733626688749587585e-01 -4.258367492398456022e-01 -7.710971707329867808e-01 -7.942062419577523569e-01 -5.849559676868285596e-01 -1.645082402279900435e-01
-5.307318856013832908e-01 7.742997985282498163e-01 -3.446498043015722157e-01 2.598405470660625771e-01 -2.384128189426481526e-01 -9.357575636158274035e-01 -8.067258243705910381e-01 -5.861903698995162282e-01 -7.466119829374956440e-02
-3.736314741412712359e-01 7.390936647433787865e-01 -5.604820035177064952e-01 3.674255314103960779e-01 -4.368902213534445744e-01 -8.210514072538491748e-01 -8.517030001114288540e-01 -5.127060456264775912e-01 -1.083259450881992880e-01
-3.296725269836887628e-01 7.981510992394270643e-01 -5.042527617525590644e-01 3.501034424403056122e-01 -3.926740482444683877e-01 -8.504320498586281918e-01 -8.767802487189343408e-01 -4.569047106544146253e-01 -1.499816016655685647e-01
-2.292076180304407351e-01 9.030137306788248441e-01 -3.633594226689628170e-01 1.986653736583892105e-01 -3.220403775422094883e-01 -9.256468357541356440e-01 -9.528882081052237885e-01 -2.843522418374460625e-01 -1.055834523778911571e-01
-1.653917266770922601e-01 8.651657094965584660e-01 -4.734277894865132619e-01 1.521538972445989901e-01 -4.519073860270793053e-01 -8.789931205688996663e-01 -9.744202216190148702e-01 -2.174120731824444874e-01 -5.689659158914003867e-02
-8.744582907093084723e-02 9.550875027701177800e-01 2.831273371302000519e-01 -4.830956491505607880e-02 2.798158554142086141e-01 -9.588374591120919499e-01 -9.949971924160467829e-01 -9.752409502864001212e-02 2.167113225074462912e-02
-5.505731145194871223e-02 9.899627692191049766e-01 1.301630055573577138e-01 -1.542463241675354757e-01 1.203631529354216578e-01 -9.806736373005281449e-01 -9.864972194266371508e-01 -7.407041903139152672e-02 1.460712466162570888e-01
-2.530975102745708361e-01 8.537193146543126110e-01 -4.550878839070361948e-01 -1.976667656029841846e-01 -5.061143045776695937e-01 -8.395094761096605351e-01 -9.470319424754735094e-01 -1.225220081782542048e-01 2.968482060634683450e-01
-4.837363132980950775e-01 2.061503274159752763e-01 -8.505887500449634819e-01 -1.705684357922944427e-02 -9.738999535180667966e-01 -2.263359110362758164e-01 -8.750475662979018132e-01 -9.497853991188442979e-02 4.746270469245570944e-01
4.092956357904700693e-02 -9.815872183257809969e-01 -1.865778755498209707e-01 6.387074403611462392e-01 -1.178958686253925858e-01 7.603639719163297617e-01 -7.683603168127187688e-01 -1.502900428522128129e-01 6.221216332574671659e-01
5.460912467528273861e-01 -8.046101524970781238e-01 2.332098898386849584e-01 5.509917052017434536e-01 5.546744013801587769e-01 6.234937443571004767e-01 -6.310249527703460926e-01 -2.119877613264300464e-01 7.462363553385690240e-01
-8.386930897360395099e-01 3.238270092069539530e-02 -5.436407471024374827e-01 1.300727112160141308e-01 -9.574302630500171052e-01 -2.576982366895248511e-01 -5.288430684295022388e-01 -2.868425562517803451e-01 7.987780398189558984e-01
-7.810723087981022994e-01 5.564100752269284245e-01 -2.834323139918344947e-01 -3.707082119766433315e-01 -7.784344830393159498e-01 -5.065719861859645512e-01 -5.024952437604576216e-01 -2.905986644863964852e-01 8.142794030287399121e-01
8.362404889573880062e-01 1.413652319778611055e-01 5.298280058812991911e-01 -2.863382214060725128e-01 9.365840570182075719e-01 2.020413994737758623e-01 -4.676668339644320938e-01 -3.206652075407627756e-01 8.236877788837977388e-01
-7.211536120304710973e-02 -8.852752554397037565e-01 -4.594421582579478747e-01 9.136057729365266722e-01 -2.434403979431791765e-01 3.256704842418455259e-01 -4.001548029645597970e-01 -3.962631635106063088e-01 8.263483762366575780e-01
7.981845109421020767e-01 -6.011365033327433771e-01 3.919682197576740412e-02 4.773514318644211385e-01 6.708309430390810846e-01 5.675574476282416736e-01 -3.674739405578368312e-01 -4.343049046720282025e-01 8.224002388063342828e-01
9.161890449615860410e-01 -1.082981585339625186e-01 3.858356421464059216e-01 -8.530876794710891275e-02 8.880188987709717319e-01 4.518239143039435302e-01 -3.915610399461659785e-01 -4.468712837985272524e-01 8.043544042973428398e-01
4.371806994440239902e-01 -8.562442605820588248e-01 -2.751704966996226798e-01 7.947254204253945131e-01 2.245486052588872017e-01 5.639055151405849564e-01 -4.210517096073999044e-01 -4.652135962077756925e-01 7.786473962841680141e-01
-1.109114684425097780e-01 -8.690393317928123418e-01 -4.821506880271232420e-01 8.795819816350319842e-01 -3.116751600834467006e-01 3.594358526496043149e-01 -4.626382860841896094e-01 -3.842254993933377216e-01 7.989596872590152277e-01
8.652307983543543468e-01 -4.769323473595645790e-01 1.546324727254349551e-01 3.279839061256012989e-01 7.716868539398189508e-01 5.449091270836423639e-01 -3.792126354720784520e-01 -4.207551966388054510e-01 8.241133669585517518e-01
7.493836866673149189e-01 -6.599330668207341599e-01 -5.396700356221240114e-02 5.844942530974601702e-01 6.210147182925317422e-01 5.222137376209952109e-01 -3.111118098898622009e-01 -4.228818593657424074e-01 8.511053840544229310e-01
5.838694068809909821e-01 -7.770906825507920557e-01 -2.350033761484794370e-01 7.876492784140624037e-01 4.720676572457676579e-01 3.959302226356297139e-01 -1.967361937271500660e-01 -4.162717839047418433e-01 8.877007784172079585e-01
9.924346430719974688e-01 -1.220801898820478848e-01 -1.303481756374490208e-02 1.131962575035413004e-01 8.687307404230490970e-01 4.821758060409219726e-01 -4.754036724457375018e-02 -4.800034665316326166e-01 8.759775029073904040e-01
-6.805760581113633467e-01 -6.475779600169604411e-01 -3.427229417851535009e-01 7.318867173332186393e-01 -5.791527164716757659e-01 -3.590598334465775476e-01 3.403031173532866660e-02 -4.952018948911141583e-01 8.681111801949369378e-01
9.877518253813395432e-01 1.263496156023523886e-01 -9.155384258986264123e-02 -5.629976755538630001e-02 8.358314781422061523e-01 5.460916372916034822e-01 1.455220520369370774e-01 -5.342485515036542454e-01 8.327075222352724460e-01
9.089696291804829631e-01 4.093656685463428757e-01 7.870173214803460882e-02 -3.744996565471082062e-01 7.189886856820779659e-01 5.854957532785836083e-01 1.830962055139136180e-01 -5.616716294034830304e-01 8.068461812821841050e-01
5.649154450079198891e-02 -7.256029234074004020e-01 -6.857908594772529343e-01 9.758431022797304788e-01 1.853226784698071283e-01 -1.156967785975385743e-01 2.110425197276284415e-01 -6.626883901106241925e-01 7.185437721389023036e-01
4.549668377305018385e-01 -4.982737737722142679e-01 -7.380571948950185313e-01 8.624308020190115665e-01 4.530245383841136619e-01 2.257916724565044442e-01 2.218519512971474372e-01 -7.392509817326297084e-01 6.358377919823510194e-01
6.619791113095090385e-01 -2.900046645222367214e-01 -6.911446670164050898e-01 7.036517515763687225e-01 5.580902544128576448e-01 4.397834472020291097e-01 2.581818519830180181e-01 -7.774526110861914585e-01 5.735063808031104493e-01
9.024572428753048214e-01 3.759151023222072618e-01 2.103776619035104267e-01 -3.455037210381726176e-01 3.399409410692867395e-01 8.746812764279937591e-01 2.572899211603125180e-01 -8.620487181308329472e-01 4.366622310645928984e-01
7.758669109261577823e-01 -8.357935295258717145e-02 -6.253359323515068624e-01 5.880118210947909985e-01 4.549961103455974487e-01 6.687455703204053803e-01 2.286320948219849325e-01 -8.865624802180632757e-01 4.021620741528311727e-01
-6.233689135153126504e-01 1.359291896858195181e-01 7.700223717880508856e-01 -7.591410672966820705e-01 -3.412133814111846797e-01 -5.543268605160674989e-01 1.873927362690279708e-01 -9.301057379337587250e-01 3.158912449820419077e-01
9.920906923993998427e-01 8.539813067451439144e-02 -9.199574627001896876e-02 6.223731348031126542e-02 3.018069775502936758e-01 9.513354114678533868e-01 1.090072239130627924e-01 -9.495365751666731136e-01 2.941049430994188141e-01
8.760758766645911910e-01 2.148625596978730456e-01 4.316539572000308023e-01 -4.704358363804213017e-01 1.845634307522822093e-01 8.629174142859795671e-01 1.057411092027190497e-01 -9.590466205920469278e-01 2.627706173748372565e-01
-3.031105037916329570e-01 -3.043662046746136163e-01 -9.030422116064973359e-01 9.473519670803620674e-01 6.371248902339684238e-03 -3.201306884014604170e-01 1.031904693280881885e-01 -9.525337897625446582e-01 2.864107302467091554e-01
7.526028618833725536e-01 -6.217433829445889737e-02 -6.555328244585495456e-01 6.436379073168730924e-01 2.796017959959852806e-01 7.124275962794927031e-01 1.389934406715420401e-01 -9.581008231566580102e-01 2.504468728429664059e-01
9.098184213819711097e-01 2.244502007549881162e-02 -4.143991568377384249e-01 3.935828528527875458e-01 2.700136597058303001e-01 8.787406679518849906e-01 1.316167848501054449e-01 -9.625948496881097105e-01 2.368294265914742125e-01
8.222318326535027477e-01 2.339835919216027849e-01 5.188318533809649358e-01 -5.520292075491886052e-01 1.059331806437210921e-01 8.270682651700036470e-01 1.385588950009237763e-01 -9.664521922734561343e-01 2.162674100874965033e-01
-2.621402647052670787e-01 -2.337441163403194411e-01 -9.362938479433342565e-01 9.529286886892143205e-01 9.046814306927461469e-02 -2.893828422050135352e-01 1.523463025258802450e-01 -9.680801636052051018e-01 1.990261313014261013e-01
2.014337844995583299e-02 -1.814941131271660124e-01 -9.831857053501160681e-01 9.825163251415041099e-01 1.856387964159882387e-01 -1.413888594116498310e-02 1.850835355590979003e-01 -9.657112012218800334e-01 1.820603215957211085e-01
8.487165678534555058e-01 1.686714578896451044e-01 -5.012286172441001719e-01 4.623495486014510547e-01 2.234546486057716330e-01 8.580797835425943987e-01 2.567354326131976450e-01 -9.600093537616459782e-01 1.116644900183643152e-01
9.544784864560101889e-01 2.981342999092935764e-01 -9.314403375382604086e-03 -1.097024245883272860e-02 6.629298356952113835e-02 9.977398930131267107e-01 2.980779640849660628e-01 -9.522190816965639959e-01 6.654583217538898032e-02
-2.279447870188836822e-01 4.411132200405566417e-01 8.680209105640066536e-01 -2.432279984868410128e-01 8.374299072457731530e-01 -4.894397728039898698e-01 -9.428050248184940418e-01 -3.226922334915848234e-01 -8.359669623383117476e-02
-2.364832139123864210e-02 -2.430685428998228814e-01 9.697208053599415400e-01 -3.005398198049821223e-01 9.268514480626847130e-01 2.249937997716671689e-01 -9.534760477363684039e-01 -2.861189904159825437e-01 -9.497025700909364487e-02
-2.237128503488697573e-01 4.428337097459129623e-01 8.682458557928489640e-01 -1.690887130003550509e-01 8.596818569076457583e-01 -4.820333100935096926e-01 -9.598758084901752863e-01 -2.546476200880243290e-01 -1.174436965479093709e-01
1.719867738122801692e-01 -9.827696375137002782e-01 6.770811779124930041e-02 -1.449706189621224606e-01 4.273362103053623962e-02 9.885126996004438560e-01 -9.743736805103997423e-01 -1.798267978217057139e-01 -1.351231050331833383e-01
-1.456762022598467876e-01 1.651557460877941530e-01 9.754496520217394995e-01 -1.318628182007365868e-01 9.739293262373016624e-01 -1.845910741913462383e-01 -9.805052989511620076e-01 -1.555160667877752700e-01 -1.201004233945596744e-01
-1.516046710352711158e-01 2.240619482825431108e-01 9.627108948444067504e-01 -1.268064109112209958e-01 9.615118897474963511e-01 -2.437519641480103694e-01 -9.802735117670484666e-01 -1.590318496592093567e-01 -1.173572022581861607e-01
-2.709875991686889682e-02 3.753070205181674446e-01 9.265043429799686425e-01 -1.086560527529965674e-02 9.266793739685629250e-01 -3.756957232698204807e-01 -9.995737070536465652e-01 -2.024791868335447387e-02 -2.103392393308926855e-02
1.076906761474757945e-02 9.569761458859740166e-01 2.899666935838253190e-01 -8.061794308779716978e-02 2.898704493314053776e-01 -9.536644430074457945e-01 -9.966868988980448485e-01 -1.310644153216979080e-02 8.027108293378210080e-02
-1.590099878900252950e-01 2.143960034756337008e-01 -9.637168554325954428e-01 5.366538803672889213e-02 -9.728161400197739006e-01 -2.252749072664218533e-01 -9.858173511751968654e-01 -8.753919928068668033e-02 1.431818379237215777e-01
-2.169147542726942157e-01 3.950859321157429438e-01 -8.926674048171868714e-01 5.173320951660501793e-02 -9.085022798780504338e-01 -4.146652655932199227e-01 -9.748187854221561643e-01 -1.361275640736263892e-01 1.766284854927227810e-01
-1.461154723275457368e-01 -1.366078946019672058e-01 -9.797900550010272269e-01 1.749804717552468358e-01 -9.783722841354092203e-01 1.103154936533090602e-01 -9.736694014144684495e-01 -1.553253255849794401e-01 1.668590422515683902e-01
-8.533662892474249903e-03 7.175375042995361108e-01 6.964675918671525690e-01 -2.365279912765099468e-01 6.752798595194262621e-01 -6.986069142730573223e-01 -9.715871993497736669e-01 -1.706957563942835820e-01 1.639550938783131961e-01
2.441391435226733797e-01 9.682524318519536433e-01 -5.369643203038010348e-02 1.539145128534820661e-01 1.598043756057176967e-02 9.879549323468392874e-01 9.574478582842467222e-01 -2.494631312000841761e-01 -1.451266510285372513e-01
-1.495470639538381274e-01 -8.617561773016710891e-01 4.847803281334726044e-01 -2.343620131475305790e-01 -4.454280622501110010e-01 -8.640996980404218597e-01 9.605780147683077308e-01 -2.428376664410242802e-01 -1.353504536425883809e-01
2.624117836925912162e-01 9.624083962873050124e-01 7.007235214383883415e-02 8.940404946513093309e-02 -9.655329913523466590e-02 9.913043812902968543e-01 9.608053766078273883e-01 -2.538651988394614034e-01 -1.113799313148087777e-01
1.504651002179551444e-01 1.523613418807091557e-01 9.768041129708200376e-01 -2.343678856964552804e-01 -9.543893419235418563e-01 1.849666947775252535e-01 9.604332083859731251e-01 -2.567625469632567881e-01 -1.078936824210173923e-01
1.059703538710000253e-01 2.438304305880035772e-01 9.640108947619440150e-01 -2.416213090186680179e-01 -9.340995299532056650e-01 2.628254385886288347e-01 9.645669635274475295e-01 -2.607772790341761904e-01 -4.007222992261712247e-02
-4.071149441487365017e-01 -8.028712377879088091e-02 -9.098414147564950483e-01 1.250909309361579735e-01 -9.916440593825107674e-01 3.153281606359681355e-02 -9.047705130298492326e-01 -1.009754289255774817e-01 4.137563069066128030e-01
-2.959024032469774745e-01 5.785053793909759046e-01 7.601140005080593287e-01 -5.317885184604809190e-02 -8.044917431016028742e-01 5.915784352033809368e-01 9.537367443215131191e-01 1.346274908666417747e-01 2.688152920388888756e-01
-6.097375949008392304e-01 7.658139328449024008e-01 -2.043259298893893572e-01 -6.067673877807633342e-01 -2.851396339500224530e-01 7.419762302638513995e-01 5.099543141206366315e-01 5.763891128495322036e-01 6.385312741740066800e-01
9.886838711994586637e-01 -1.037596268992263260e-01 1.083427092876380893e-01 -4.772318124324426841e-02 4.671509985622331329e-01 8.828886920299369168e-01 -1.422206061092300688e-01 -8.780682686261026548e-01 4.569129182129582079e-01
-9.790255186084161343e-01 1.366715786923107800e-01 1.510957097050528442e-01 -2.035490941001447118e-01 -6.880434106613724232e-01 -6.965371715396648788e-01 8.763572589562321560e-03 -7.126830604295416594e-01 7.014314329799098413e-01
-9.944989703122237845e-01 -7.718274546659306679e-02 -7.081399473385108223e-02 1.042521360594607094e-01 -6.637478205465185965e-01 -7.406553333682179829e-01 1.016317740504750315e-02 -7.439634766048569547e-01 6.681429901623214818e-01
-9.664779218971942809e-01 -6.182458669993659561e-02 -2.491949978724750658e-01 2.475982270199161006e-01 -4.812510291978523980e-01 -8.408879621403804183e-01 -6.793779847680427031e-02 -8.743998898532581165e-01 4.804261526631693480e-01
8.633494552093173846e-01 1.225314529941928798e-01 4.895035865209841353e-01 -4.553407538107435149e-01 6.072430707481013545e-01 6.510918913237058181e-01 -2.174684255445807901e-01 -7.850107617450527986e-01 5.800565384819083015e-01
9.215693615660410787e-01 -4.447000545377594038e-02 3.856583078810834619e-01 -2.697707002741568938e-01 6.410123151996738322e-01 7.185589614192735564e-01 -2.791660457440165444e-01 -7.662412351063436766e-01 5.787406055620725187e-01
9.675495088127830101e-01 -1.425669516191201691e-01 2.086207379484928959e-01 -7.039820993863604714e-02 6.408451457313093513e-01 7.644354722473655217e-01 -2.426768222010046161e-01 -7.543156921996576614e-01 6.100129477869904449e-01
9.690452412749207545e-01 -1.105780013160382880e-01 2.207347412334111914e-01 -9.566974253487775526e-02 6.560350959955802974e-01 7.486422731754999171e-01 -2.275931034230628536e-01 -7.465858681002603969e-01 6.251487189679260092e-01
9.690873094499332652e-01 -2.300598085925086855e-01 8.911942063022701421e-02 7.067715229171614433e-02 6.049503213810965008e-01 7.931203242918705154e-01 -2.363779321489690166e-01 -7.623041342740352055e-01 6.025096514261749636e-01
9.868032689617628472e-01 -7.153760442050455248e-02 1.452641714950879404e-01 -6.573645244751284700e-02 6.428696262183009047e-01 7.631496331032060487e-01 -1.479798201985486339e-01 -7.626277039550275472e-01 6.296832203372482173e-01
-9.278780130212538335e-01 -1.256776284396744492e-01 -3.510662710393992469e-01 3.502473350860191847e-01 -6.167884982203510891e-01 -7.049104572413619207e-01 -1.279421635617888631e-01 -7.770309402931540044e-01 6.163227406239892847e-01
9.418602669227146285e-01 1.104938069257259681e-01 3.173174376288407927e-01 -3.164372867426859526e-01 6.092614782025544962e-01 7.270955196790620523e-01 -1.129897391412157670e-01 -7.852334492426432666e-01 6.088035389510324524e-01
9.934944891017890578e-01 -2.297057274521513426e-02 1.115394679570055475e-01 -7.403852485185187515e-02 6.139073775189460846e-01 7.858982304761679138e-01 -8.652743473683247033e-02 -7.890437786432179523e-01 6.082128890629467932e-01
9.510404881000825705e-01 -2.376028412817391688e-01 -1.976534335881908466e-01 3.029024383742947024e-01 5.894712944981685965e-01 7.488482528453678233e-01 -6.141744720568694665e-02 -7.720547148858672992e-01 6.325815476294252004e-01
-5.920384830411408172e-01 -5.336263950111903576e-01 -6.039315401150248119e-01 8.057129000018278253e-01 -4.084773238413194063e-01 -4.289207370576512135e-01 -1.780891262793470042e-02 -7.405330151011466633e-01 6.717839654057065069e-01
9.997881239422932165e-01 -2.058351979035687521e-02 1.610496493752791580e-04 1.401930270243569206e-02 6.866363953873280135e-01 7.268658195851793735e-01 -1.507203953309094700e-02 -7.267095563170591355e-01 6.867794801694179219e-01
-6.372624702009821451e-01 -5.486852062717917367e-01 -5.411479358658074501e-01 7.705767533570628824e-01 -4.442071569038603673e-01 -4.570464625626999844e-01 1.039284653166484829e-02 -7.082545772346768853e-01 7.058806149534766483e-01
3.440459252634949228e-01 -6.702107891618609425e-01 -6.576092300147720060e-01 9.330806907726327815e-01 3.222442358806282825e-01 1.597469153034772327e-01 1.048466776624421698e-01 -6.685627498842162675e-01 7.362275624087989412e-01
7.892009840442922863e-01 5.337784903710818263e-01 3.037142242317433793e-01 -5.942498616770908182e-01 5.389020667923405394e-01 5.970357311783794918e-01 1.550126081332714179e-01 -6.516633222946592863e-01 7.424998354852397897e-01
-2.917122616799926460e-01 -7.721827135228285233e-01 -5.644801265962026138e-01 9.358287845445030229e-01 -1.083621489942205168e-01 -3.353835575625503385e-01 1.978091059670957497e-01 -6.260922468789048567e-01 7.542413778059531282e-01
5.238742276326343594e-01 -6.004394258071648061e-01 -6.041757108314378399e-01 8.277330234958014676e-01 5.262530555899662676e-01 1.947197044387726228e-01 2.010319264117265137e-01 -6.021048226169477546e-01 7.726939543859546733e-01
9.453185484229430502e-01 3.230356223712275709e-01 -4.495362818253320625e-02 -2.329304436968267777e-01 7.651651423462740853e-01 6.002213869376910038e-01 2.282898385972079447e-01 -5.569293416740040970e-01 7.985696325154252317e-01
6.580745882578666883e-01 -5.202904893719498824e-01 -5.442753374518598530e-01 7.068096731327989657e-01 6.760221060475976040e-01 2.083607403060288021e-01 2.595340483542477594e-01 -5.218159817445868764e-01 8.126193198175806209e-01
-4.921213744114180666e-01 -8.111786751584346700e-01 -3.159204169021425646e-01 8.132302124006105526e-01 -2.989046283077300137e-01 -4.993121717073152888e-01 3.106013111470628529e-01 -5.026382199399724859e-01 8.067723627946737919e-01
4.726782295510167375e-01 -6.458013812126679465e-01 -5.995964203798475056e-01 8.045055850963224175e-01 5.939198620268580919e-01 -5.473667766843215432e-03 3.596471254679236562e-01 -4.797913854101675257e-01 8.002838069265497678e-01
-6.398933368895296514e-01 -7.577295499492080477e-01 -1.279939316458140741e-01 6.648772993571334666e-01 -4.623885173571536389e-01 -5.866302377271546131e-01 3.853241417351732090e-01 -4.604810399462971882e-01 7.996765081243968343e-01
7.803894270097406771e-01 -3.232958935937579881e-01 -5.352308916690273755e-01 5.078698365323012220e-01 8.270560001684768014e-01 2.409286237165979561e-01 3.647746857336214288e-01 -4.598457760714279585e-01 8.096179907074716464e-01
4.842497365253561337e-01 -6.695035213397336760e-01 -5.632647934930958833e-01 8.063397480017618912e-01 5.913732840971044347e-01 -9.687602833543640379e-03 3.395856349546876318e-01 -4.494915725237818016e-01 8.262196576955306293e-01
-4.265671146101037703e-01 -8.573871995748422181e-01 -2.879716769726154979e-01 8.461108533370814699e-01 -2.657794213290492480e-01 -4.620148515612800266e-01 3.195886740771745615e-01 -4.407363034777208588e-01 8.388173759516359684e-01
8.283370021528878580e-01 -3.042787376631402863e-01 -4.703958552862606557e-01 4.655462226460441166e-01 8.409436072959081132e-01 2.758270543803581498e-01 3.116480794812743760e-01 -4.474687689149612346e-01 8.382405235977096192e-01
1.575222740077719674e-01 -8.561691760364672499e-01 -4.920986437661224455e-01 9.412330131046687809e-01 2.809383681044166359e-01 -1.874941288913699045e-01 2.987760837706505135e-01 -4.336449876706335305e-01 8.501087438879859626e-01
9.393252014867345956e-01 2.844242996937182966e-01 -1.917576167865137071e-01 -1.629465373392147143e-01 8.618895848432367446e-01 4.802028420448103407e-01 3.018552497821850311e-01 -4.198203916944615033e-01 8.559405627124135885e-01
-5.814840113106422015e-01 -7.915684155944812117e-01 -1.878717329012746795e-01 7.484255333345229966e-01 -4.299367856012105138e-01 -5.049886943683328244e-01 3.189601317453635287e-01 -4.342508535629400201e-01 8.424313803134583223e-01
7.212461401172797215e-01 -4.411450178744154016e-01 -5.340365891682956612e-01 6.102792222173099024e-01 7.693960150358795103e-01 1.886505843530401627e-01 3.276633581829991870e-01 -4.619749400687120922e-01 8.241455444596842428e-01
4.695622888127715666e-01 -6.741479593383804536e-01 -5.701190979477960274e-01 8.238048916780377207e-01 5.668131953499864206e-01 8.264503885586305110e-03 3.175795292084301336e-01 -4.735476010888826082e-01 8.215204879555446649e-01
4.998312276814697031e-01 -6.581038565400697538e-01 -5.630879663440891969e-01 8.152635839403566953e-01 5.769849727840942188e-01 4.933183436750876449e-02 2.924278244886417411e-01 -4.837227048510599481e-01 8.249232159882605719e-01
-5.453630258906570077e-02 -8.640681495194083572e-01 -5.004118550614277128e-01 9.617711467263643232e-01 8.923894755095174158e-02 -2.589066850520719276e-01 2.683692475388492205e-01 -4.954014969962280412e-01 8.261690527666403217e-01
5.497433264164406364e-01 7.722192167724500900e-01 3.185274812444455206e-01 -8.003810496881512693e-01 3.777930691802556806e-01 4.654702699200621296e-01 2.391076125109359574e-01 -5.108325343267656748e-01 8.257588458579258051e-01
-5.198793726141297533e-01 -7.761939504780592802e-01 -3.567189218020307417e-01 8.282536327682479271e-01 -3.557971093332504831e-01 -4.329022254462355779e-01 2.090965273182205930e-01 -5.205106802279538813e-01 8.278570371942810535e-01
7.748493024312607114e-01 5.982058910734007195e-01 2.043484044637179364e-01 -6.047867287579254958e-01 6.074401902523098862e-01 5.150237159437661694e-01 1.839607872348777706e-01 -5.226529700970964365e-01 8.324615916717166275e-01
9.049198483415324956e-01 4.178034122738770728e-01 8.099615280889921332e-02 -3.931243584680746972e-01 7.477275476766259699e-01 5.351231196879495666e-01 1.630132106812282600e-01 -5.160850929234476192e-01 8.408821974602588289e-01
9.401516627125099390e-01 3.379770513668846066e-01 4.343229038686452492e-02 -3.063354654030465696e-01 7.824669948277094278e-01 5.421291217427746112e-01 1.492428682892474878e-01 -5.229884461005224194e-01 8.391720035309560011e-01
