nan nan nan nan nan nan nan nan nan
nan nan nan nan nan nan nan nan nan
nan nan nan nan nan nan nan nan nan
nan nan nan nan nan nan nan nan nan
nan nan nan nan nan nan nan nan nan
nan nan nan nan nan nan nan nan nan
nan nan nan nan nan nan nan nan nan
nan nan nan nan nan nan nan nan nan
nan nan nan nan nan nan nan nan nan
nan nan nan nan nan nan nan nan nan
nan nan nan nan nan nan nan nan nan
nan nan nan nan nan nan nan nan nan
nan nan nan nan nan nan nan nan nan
nan nan nan nan nan nan nan nan nan
nan nan nan nan nan nan nan nan nan
nan nan nan nan nan nan nan nan nan
nan nan nan nan nan nan nan nan nan
nan nan nan nan nan nan nan nan nan
nan nan nan nan nan nan nan nan nan
nan nan nan nan nan nan nan nan nan
nan nan nan nan nan nan nan nan nan
nan nan nan nan nan nan nan nan nan
nan nan nan nan nan nan nan nan nan
nan nan nan nan nan nan nan nan nan
nan nan nan nan nan nan nan nan nan
nan nan nan nan nan nan nan nan nan
nan nan nan nan nan nan nan nan nan
nan nan nan nan nan nan nan nan nan
nan nan nan nan nan nan nan nan nan
nan nan nan nan nan nan nan nan nan
-9.846999092036288204e-01 1.635141857576186686e-01 6.024284082268936691e-02 1.730835402624049391e-01 9.578351225835670668e-01 2.293337437787015820e-01 -2.020338844346227652e-02 2.362519608412713690e-01 -9.714817723941386873e-01
-9.019836339995362939e-01 3.822205611499427391e-01 2.008306914572911550e-01 -4.156946136990344876e-01 -8.944827634536770544e-01 -1.646164451866322653e-01 1.167198018272871535e-01 -2.319655761497727564e-01 9.656958420449489600e-01
-9.451803358310907344e-01 2.709683445607342089e-01 1.822369035191328257e-01 -3.210175103536226371e-01 -8.733014341109631706e-01 -3.664592245067615495e-01 5.984889977759230012e-02 -4.048712899499672391e-01 9.124129261303025595e-01
-9.738582512646764000e-01 1.824007220349883884e-01 1.353886370594721000e-01 -2.215926623197167766e-01 -8.939350365166316426e-01 -3.895854752093163564e-01 4.996797424117278147e-02 -4.094021581393090803e-01 9.109846730110828794e-01
-3.356947155554801387e-01 6.455216221837395407e-01 -6.860108550463314137e-01 -2.964771493195795041e-02 7.206705005690167143e-01 6.926435176978964492e-01 9.415041534414166913e-01 2.528554229255848829e-01 -2.227870376608229730e-01
-3.055819600549607440e-01 4.478392779141120439e-01 -8.402735547703112928e-01 3.056283924564921414e-02 8.866452601110360598e-01 4.614391569642501967e-01 9.516751433899137691e-01 1.153263364544290237e-01 -2.846300363169474434e-01
-8.502956546906195179e-01 4.200489513642089445e-01 -3.171059414014171240e-01 -5.029571823464961122e-01 -4.710557277314610936e-01 7.246658361599899179e-01 1.550205545736568491e-01 7.756709223821736110e-01 6.118032754329315592e-01
9.855102142371715557e-01 5.943062730934539628e-02 -1.588635205823601126e-01 -4.045727151193427573e-02 9.919364522711081600e-01 1.201053031202899968e-01 1.647204505093823879e-01 -1.119378184235547691e-01 9.799679066125384086e-01
9.762660983014087579e-01 9.415064673351192237e-02 -1.950388705540657130e-01 -6.802691151333008224e-02 9.882922800459454926e-01 1.365675968579058708e-01 2.056133376444769789e-01 -1.200584229500262223e-01 9.712410259361221598e-01
9.545746005092474729e-01 1.617269359383513017e-01 -2.502633218324312736e-01 -1.980403976168537694e-01 9.718896799757464899e-01 -1.273202688828419804e-01 2.226372227961197769e-01 1.710989425701783251e-01 9.597696697004952648e-01
-4.233176945657679546e-02 2.827217521933256261e-01 -9.582674115983550456e-01 -9.987915551352665178e-01 1.199481893632465060e-02 4.766081943442321972e-02 2.496899447617260612e-02 9.591269650861771190e-01 2.818723366338532488e-01
-7.694165467417803939e-01 -1.048086660476811316e-01 6.300899309791094804e-01 -6.346633036321143173e-01 1.407080443964559002e-02 -7.726606651598046938e-01 7.211566142471631524e-02 -9.943928579709964133e-01 -7.734452400492775048e-02
-8.916184733737139156e-01 2.996389825022827691e-01 3.394598328281631661e-01 -3.238438606512520357e-01 1.019592013377990103e-01 -9.406005928028382534e-01 -3.164516580099087095e-01 -9.485888474083778998e-01 6.127537451940501256e-03
-1.868195084146631879e-01 -3.068308635621358471e-02 -9.819149756915620531e-01 9.606842039548549872e-01 -2.146730450513952282e-01 -1.760719852787152317e-01 -2.053882458840575465e-01 -9.762038885089625584e-01 6.958186913737762769e-02
-5.202353131338925685e-02 -1.725904356893517289e-01 -9.836188762413237141e-01 9.124661928823196710e-01 -4.084816254336297581e-01 2.341385337669341093e-02 -4.058312445297063698e-01 -8.963008999167966229e-01 1.787335944130541421e-01
2.103422118551838138e-01 -4.207482711054176816e-01 -8.824551242265359363e-01 8.517126105364420940e-01 -3.642638540032244743e-01 3.766928108152801657e-01 -4.799393534240217196e-01 -8.308325565530755297e-01 2.817365436119579347e-01
-3.045582084011277391e-01 -1.533931944273045356e-01 -9.400610754620587484e-01 8.572513413189261078e-01 -4.743282329536988584e-01 -2.003318877011938115e-01 -4.151679605923337957e-01 -8.668813386654532493e-01 2.759570784944530009e-01
-1.467023468503700183e-02 -2.834813202929407083e-01 -9.588655407611940129e-01 9.564339440121982783e-01 -2.836246102003100455e-01 6.921843128815682866e-02 -2.915799975230760066e-01 -9.160761002960908783e-01 2.752919968156531949e-01
-3.270414524440806714e-02 -3.141779479511676576e-01 -9.488006407591775826e-01 9.537777425089295491e-01 -2.935473374257266399e-01 6.432712168934923147e-02 -2.987280649326449766e-01 -9.028411697034310901e-01 3.092561487022329469e-01
8.461298705557389332e-02 -3.518563021557755688e-01 -9.322219612596545080e-01 9.787920897055727432e-01 -1.458242496123957066e-01 1.438795793529424327e-01 -1.865655047197397054e-01 -9.246255625161166058e-01 3.320555399182846812e-01
1.859763269515812278e-01 -4.815164745384450384e-01 -8.564780736023925867e-01 9.286232390802288128e-01 -1.986834705377142074e-01 3.133428766945779431e-01 -3.210477934104870035e-01 -8.536198001939482305e-01 4.101969661797866817e-01
3.451330168306094848e-01 -5.761004512029342939e-01 -7.409395864827154066e-01 8.643964468143416902e-01 -1.124525817364263880e-01 4.900746877727446549e-01 -3.656528181597168414e-01 -8.096065013230734353e-01 4.591680842428720877e-01
4.170531902891597698e-01 -6.050990109565221875e-01 -6.781753633162093120e-01 7.725173010819523789e-01 -1.571099748671241914e-01 6.152507418332039402e-01 -4.788357296596507662e-01 -7.804944860386203720e-01 4.019262385869074583e-01
5.809204876125275696e-01 -6.209138164019566419e-01 -5.263054433246733277e-01 6.513493568007725498e-01 -3.315341475629560164e-02 7.580533401319573539e-01 -4.881346151086228269e-01 -7.831774279760332913e-01 3.851723170758797887e-01
6.715459661559982640e-01 -4.905548561547085074e-01 -5.553214820647943695e-01 5.786852093560386212e-01 -1.208427221922646344e-01 8.065484889116840694e-01 -4.627628375444212128e-01 -8.629907123464286567e-01 2.027253970069836930e-01
5.998509322585048320e-01 -3.743757390633358773e-01 -7.071221005380781133e-01 7.334005742581836129e-01 -9.602281007924778899e-02 6.729808449148095839e-01 -3.198475523532567366e-01 -9.222919418195444363e-01 2.169680098732642837e-01
-5.740638244541917956e-01 3.307972719147994622e-01 7.490152804494399907e-01 -7.729827221697703754e-01 8.279929736549387909e-02 -6.290007850414752744e-01 -2.700896826612192436e-01 -9.400624666741601576e-01 2.081684944232802259e-01
4.195302542386727951e-01 -2.184123440047409659e-01 -8.810734440242703469e-01 8.955633988310621740e-01 -5.886706714146619501e-02 4.410225244591460259e-01 -1.481909729119497421e-01 -9.740794199614918325e-01 1.709055854994006585e-01
3.335262543578853545e-01 -1.090213843344706723e-01 -9.364158133072052470e-01 9.401394031330043699e-01 -3.527587357250151073e-02 3.389594598479518384e-01 -6.998671538740428022e-02 -9.934132828292022710e-01 9.072986921510439728e-02
3.940104016583562685e-01 2.448363199287718617e-01 8.858955806576508385e-01 -9.147686257880481842e-01 1.979927736201222144e-01 3.521323939487203125e-01 -8.918612369010385510e-02 -9.491333088865583356e-01 3.019797961837616951e-01
-2.750664580139981497e-01 -1.416217320281603076e-01 -9.509372895690743066e-01 9.254807863491549824e-01 -3.069276346234244279e-01 -2.219926602458276721e-01 -2.604299479210933077e-01 -9.411369252780457106e-01 2.154936892440310614e-01
-5.326414557602708877e-01 -4.027481018533695112e-01 -7.443702345332511294e-01 7.607025034748177150e-01 -6.133400616789085324e-01 -2.124751042989688754e-01 -3.709781406130614467e-01 -6.794173497881995649e-01 6.330618326783371552e-01
7.052866157380028866e-01 3.998827687295117839e-01 5.853755725464245829e-01 6.257711192605698303e-01 -7.391966215245550087e-01 -2.489957048345565749e-01 3.331385536983202389e-01 5.419244652162359399e-01 -7.715805713209007433e-01
7.512157742147939077e-01 3.693793250380872917e-01 5.470226456055315989e-01 5.531308587036944946e-01 -8.045102155623026219e-01 -2.163551852986455026e-01 3.601681742194630109e-01 4.651045337236618948e-01 -8.086758676930539957e-01
9.064452303456257409e-01 -1.808597637318258289e-01 3.816369875241832355e-01 4.293523964576424767e-02 -8.595139191354174146e-01 -5.093057902763682421e-01 4.201352277305798744e-01 4.780434799004620317e-01 -7.713370351178727713e-01
7.400050348476190365e-01 2.609289371299227112e-01 6.199263167251594098e-01 4.998962834108755526e-01 -8.300061546851027483e-01 -2.473731776422875006e-01 4.499958380164951199e-01 4.929562586610476416e-01 -7.446461393270862317e-01
8.534685561833507128e-01 -3.249498531961996228e-01 4.074297688118471150e-01 -2.389624152589767472e-02 -8.053775567651352274e-01 -5.922803058518468777e-01 5.205961901966271732e-01 4.957565773308405532e-01 -6.951295007305959839e-01
6.445967285766585064e-01 -7.606228430547934405e-01 -7.712294166791588967e-02 -5.361445172560406203e-01 -3.778229014393237328e-01 -7.548502578420823728e-01 5.450175356119807413e-01 5.279230491001641878e-01 -6.513471732526587843e-01
4.542628736735944694e-01 -8.074130230033829125e-01 -3.764697224032055867e-01 -7.332290093547590981e-01 -9.884037670893119909e-02 -6.727598381091691726e-01 5.059846454611511835e-01 5.816483389614168775e-01 -6.369181645556813987e-01
-5.026787243412167427e-01 7.638184417764996015e-01 4.048400771870384052e-01 7.307691024367236610e-01 1.252669444256309383e-01 6.710325711603657428e-01 4.618339734347317038e-01 6.331584166986853335e-01 -6.211439449476275909e-01
9.045749929776762954e-01 -4.206864446447762806e-01 6.904344553666527662e-02 -2.193575810250008029e-01 -5.981688900986302793e-01 -7.707634076453246941e-01 3.655493588098564506e-01 6.820681008596650718e-01 -6.333693804277189532e-01
9.383674184909571725e-01 -3.049341500775604730e-01 1.627321481179814233e-01 -9.168235321354797907e-02 -6.735424077206918492e-01 -7.334405027751328410e-01 3.332580592031392785e-01 6.733170049228589527e-01 -6.599873308313332076e-01
9.273937861310787012e-01 7.759492004314805236e-02 3.659505346750575039e-01 3.171698590151627029e-01 -6.817983606191917456e-01 -6.592073088105776524e-01 1.983533361901553826e-01 7.274132414525323886e-01 -6.569063328829728432e-01
-3.746465064988406812e-01 -6.238396996006583262e-01 -6.859038011050633266e-01 -9.194155557882086605e-01 3.454358588538514740e-01 1.880135718307631709e-01 1.196454384540987237e-01 7.010692523710209123e-01 -7.029842618701104273e-01
6.727264339536083160e-01 5.070322805865534743e-01 5.388482267793599512e-01 7.366939246415659115e-01 -5.266461364140996304e-01 -4.241767419323087540e-01 6.871103591322606785e-02 6.823211219384169857e-01 -7.278163780105741942e-01
-8.610996332308253898e-01 -3.560151045260252500e-01 -3.629885218558036586e-01 -5.053658546883574854e-01 6.776562224045509231e-01 5.342166200629665518e-01 5.579224466575864044e-02 6.434557401917535557e-01 -7.634474021499049190e-01
9.979702364319540386e-01 1.707588078766884843e-02 6.134999177893107891e-02 4.942159590874018599e-02 -8.152293063635783765e-01 -5.770257220469395820e-01 4.016108880225716105e-02 5.788865107612064520e-01 -8.144185008979925033e-01
-2.278122169969658967e-02 -8.524368457694293522e-01 -5.223336480761461287e-01 -9.997045042238117407e-01 2.385588549542231110e-02 4.669150013858400922e-03 8.480576188673020002e-03 5.222856696309935431e-01 -8.527284204983510696e-01
-5.659049064942265339e-01 -7.723641909915025527e-01 -2.884531041257875628e-01 -8.186854219352942552e-01 4.850467515307896327e-01 3.073822192971766287e-01 -9.749777800745056122e-02 4.101014573291220655e-01 -9.068136401599502516e-01
9.783941797491949588e-01 1.851680379146307398e-01 -9.196535634545063842e-02 1.353221220353997556e-01 -9.098418354758703863e-01 -3.922700061255454118e-01 -1.563097959845648199e-01 3.713497437090064190e-01 -9.152412881456555294e-01
2.731875846659739815e-01 -8.760681780187614676e-01 -3.973324691580832901e-01 -9.254276896078760251e-01 -3.520953722797676155e-01 1.400444219746022623e-01 -2.625873852480349879e-01 3.294440715539737052e-01 -9.069258342480603918e-01
7.609533092205507110e-01 6.472325122158810728e-01 -4.516786819202056602e-02 5.589934728608804138e-01 -6.893652204958383711e-01 -4.607622923695646189e-01 -3.293574934402210275e-01 3.253700476402868746e-01 -8.863734955498905332e-01
8.791590697180384772e-01 -1.107063375596133992e-01 -4.634904928438662308e-01 -2.284801949116890274e-01 -9.514779756620593831e-01 -2.061224450736640623e-01 -4.181819348867544806e-01 2.871128152036509507e-01 -8.617946975238383045e-01
4.932444849994430669e-01 -7.422550151769387039e-01 -4.536158842702892047e-01 -7.555842017824164758e-01 -6.239638005151586508e-01 1.994033341333780740e-01 -4.310480159268368916e-01 2.443904009804016564e-01 -8.686028666048577485e-01
-3.453990714861621125e-01 -9.374747827224019225e-01 -4.290120250158524495e-02 -8.203894074004864923e-01 2.794307214122723759e-01 4.988784342463558064e-01 -4.556980377855227027e-01 2.075078400702052850e-01 -8.656094931710385243e-01
2.629873418575754407e-01 -8.846476955699883460e-01 -3.850144318663859533e-01 -8.117730689588994464e-01 -4.185563405062862063e-01 4.072285283904306108e-01 -5.214040108550533903e-01 2.054483987396720224e-01 -8.282081941876502373e-01
1.188927826434665602e-01 -9.316278079195522421e-01 -3.434153953251121161e-01 -8.588523843145403625e-01 -2.700482539770179824e-01 4.352545490643294768e-01 -4.982339693281884752e-01 2.431945065888075908e-01 -8.322375524887735132e-01
9.628321803495082376e-01 4.395396137912455092e-03 -2.700645718642170623e-01 -1.105825169929756657e-01 -9.058136476366134282e-01 -4.089903943746743264e-01 -2.464258497376245471e-01 4.236535332651483188e-01 -8.716604753761900692e-01
3.599748299738971258e-01 -8.323291196005433434e-01 -4.214811483924852942e-01 -9.328428573413570790e-01 -3.283256582665672885e-01 -1.483457637785380312e-01 -1.491057653065069530e-02 4.465764198754895720e-01 -8.946212471871625160e-01
-8.986476305451393531e-02 -8.721279829593447941e-01 -4.809543696655854683e-01 -9.898895807096795840e-01 1.314226075510790959e-01 -5.335462704292569247e-02 1.097403406390318331e-01 4.712970184116798134e-01 -8.751206648643887753e-01
9.684601474625401663e-01 -4.797127696804459607e-02 2.445070538100896917e-01 8.908437188429779718e-02 -8.497694858538138440e-01 -5.195727048236127299e-01 2.326991995319603046e-01 5.249672156409390666e-01 -8.186943905019656853e-01
-2.847443150654533350e-01 -5.135901296562530582e-01 -8.094108065485530190e-01 -8.738607777833535817e-01 4.861750626127112063e-01 -1.072168549509033841e-03 3.940660047375035835e-01 7.070070630575052695e-01 -5.872418553688271148e-01
2.305651655821853441e-01 -4.200550882357211857e-01 -8.777205861020578315e-01 -8.382595004325471555e-01 3.723114435418386492e-01 -3.983782109282193451e-01 4.941262129806877623e-01 8.276097581922731150e-01 -2.662731187902587227e-01
3.975110490112769845e-01 -6.581486806398356704e-02 9.152340515167005641e-01 7.377844966131197335e-01 -5.701201609289194838e-01 -3.614374616164025555e-01 5.455813435879929285e-01 8.189208785005445135e-01 -1.780718739290879093e-01
1.819942749442108043e-01 -2.184152980008289002e-01 -9.587350215188449321e-01 -9.017796584196720033e-01 3.516340909023263905e-01 -2.512904967876704587e-01 3.920096064486567888e-01 9.103011719834837034e-01 -1.329670814053827421e-01
-9.470711011388176573e-03 -9.047711875506755930e-02 -9.958535015827980619e-01 -9.612417140925775261e-01 2.752501364321147115e-01 -1.586598507706417360e-02 2.755443207930480809e-01 9.571056646869683382e-01 -8.957719521627256765e-02
-5.511558063491289738e-01 3.040029701979335419e-02 -8.338483669521394859e-01 -8.050206118885631090e-01 2.434839372410177172e-01 5.409781758446227107e-01 2.194745806744022032e-01 9.694283853110147176e-01 -1.097247200546658530e-01
-4.623687780252800916e-01 -6.830512740529454119e-02 -8.840528958594930931e-01 -8.681287470613103796e-01 2.377948757364926335e-01 4.356673910212071066e-01 1.804649318653587797e-01 9.689107320303624871e-01 -1.692465707871769753e-01
9.633531897792054766e-01 -1.422230039196368256e-01 2.274274585407509153e-01 1.882416076349449074e-01 -2.455593153583781052e-01 -9.509288721012397749e-01 1.910908917171131594e-01 9.588916726079120822e-01 -2.097880628299879091e-01
8.996596374471151902e-01 -2.789354023987592468e-01 -3.358683939241197680e-01 -3.857384650095594947e-01 -1.475051741031186414e-01 -9.107403912339000485e-01 2.044954115881192358e-01 9.489137289034503819e-01 -2.403005654133064939e-01
-9.113054498696486760e-01 1.304190338095844170e-01 -3.905294517165789903e-01 -3.449688555133900714e-01 2.759333546692596117e-01 8.971383797980946317e-01 2.247640223960657990e-01 9.522875928001702794e-01 -2.064690650804564820e-01
2.804271433152575321e-01 -2.195472331852442172e-01 -9.344301095816358593e-01 -9.359361610564178591e-01 1.535164279462249426e-01 -3.169482746089757885e-01 2.130354893416098183e-01 9.634478287646592864e-01 -1.624320212570332378e-01
-5.777653140121759012e-01 -4.125838575551654674e-03 -8.161925136758241273e-01 -8.002242563856392099e-01 1.997630067492315864e-01 5.654519260083541443e-01 1.607121072491507208e-01 9.798355569127685794e-01 -1.187177324285742519e-01
4.799125098798337485e-01 -1.712911327692114016e-01 -8.604320604762930591e-01 -8.694498612659654624e-01 3.818239035952047944e-02 -4.925434435773422548e-01 1.172216771993634665e-01 9.844802958419602845e-01 -1.306048448316318444e-01
-4.278607080314803524e-01 -1.090415722662030074e-01 -8.972430830274005231e-01 -8.946304331242854735e-01 1.924771872035069553e-01 4.032231646794111057e-01 1.287307370081196556e-01 9.752243167209992958e-01 -1.799053346218665028e-01
9.754794697544502124e-01 -1.175616814756678674e-01 1.860619658506012519e-01 1.562323920274435729e-01 -2.255743317943812443e-01 -9.616172110132501505e-01 1.550201398817581955e-01 9.671067530961264813e-01 -2.016761868612854114e-01
5.908367048224720808e-01 -2.200186161320383527e-01 -7.762111805364991790e-01 -7.927355719662136924e-01 2.048534276082470199e-02 -6.092213585154180322e-01 1.499409923067172301e-01 9.752805541418912982e-01 -1.623130910886816103e-01
8.636435066080326850e-01 -4.826207393597808926e-02 5.017874706618120628e-01 4.840751291115238941e-01 -1.983912054862542462e-01 -8.522395197134265965e-01 1.406810679140672593e-01 9.789339619224112221e-01 -1.479768067145948163e-01
9.895275062293898971e-01 -8.610697008535593555e-02 -1.158486258794828166e-01 -1.279118714920956801e-01 -1.511853504209786925e-01 -9.801946454401162523e-01 6.688697591335972248e-02 9.847479776677915408e-01 -1.606161664726193095e-01
4.948602802392522704e-01 -2.097178736002046073e-01 -8.432862601359856214e-01 -8.656631194503876525e-01 -3.436040084739902523e-02 -4.994464200262428433e-01 7.576718725776179775e-02 9.771580099176461198e-01 -1.985486262577320360e-01
9.058656221416240273e-01 -3.362467659267892595e-02 4.222284402382273649e-01 4.057107981964493959e-01 -2.174902764090434482e-01 -8.877481218759731840e-01 1.216808236690090916e-01 9.754831422385297213e-01 -1.833750701695187058e-01
9.732987448119663210e-01 -8.551486803496699540e-02 2.130182168088288475e-01 1.945516760950868895e-01 -1.851647842534253630e-01 -9.632567923461401449e-01 1.218162496387219379e-01 9.789796780410432442e-01 -1.635835911899845008e-01
-4.900055966326191115e-01 -6.238440512393830795e-02 -8.694841581455313717e-01 -8.659121952867284699e-01 1.497723104572775688e-01 4.772466082373005292e-01 1.004519055191559485e-01 9.867504451570423551e-01 -1.274086875371901184e-01
-4.826846241933118176e-01 -7.822034493785383347e-02 -8.722941769868491901e-01 -8.742093969856308266e-01 1.029246797983945777e-01 4.745149528839082143e-01 5.266387556362681771e-02 9.916088381646267491e-01 -1.180611209688342822e-01
-9.934447468254206104e-01 -9.735072079692236313e-03 -1.138980393886534492e-01 -1.139702975455293421e-01 1.614787511154236466e-01 9.802731171543910271e-01 8.849083701692491213e-03 9.868281721301874754e-01 -1.615297260810968361e-01
2.354335759706598363e-01 1.757676445356570749e-01 9.558644079784823777e-01 9.717550245917485618e-01 -5.899005182721278606e-02 -2.285002099913976681e-01 1.622354728034780882e-02 9.826626628298288368e-01 -1.846913305865565125e-01
9.473550136871572436e-01 -1.389014592423478966e-01 -2.884871967040347207e-01 -3.123215588649994601e-01 -2.024281904249191633e-01 -9.281584302205250214e-01 7.052461917616238696e-02 9.693963133526138920e-01 -2.351532813898590812e-01
-5.663475982340319126e-01 -1.321170045072135868e-01 -8.135081407672477560e-01 -8.174480948938011027e-01 2.158243054779835912e-01 5.340397750350073247e-01 1.050190941164455688e-01 9.674528238033039962e-01 -2.302303706854816334e-01
8.486802238602954018e-01 2.829759376778623325e-02 5.281487705328793414e-01 5.173779728127405608e-01 -2.517678093914864079e-01 -8.178832455811717583e-01 1.098267311569353366e-01 9.673738761932560992e-01 -2.283109125342385748e-01
9.890953153351251803e-01 -6.093719118195491113e-02 1.340787675695266912e-01 1.163769653881556315e-01 -2.345543210788449129e-01 -9.651117408830369726e-01 9.025995296449754179e-02 9.701911817750645817e-01 -2.249048947816624511e-01
8.671140226567237708e-01 -1.940027016769973744e-01 -4.587768776367230905e-01 -4.893937497149609683e-01 -1.602672042342026260e-01 -8.572095315539151050e-01 9.277407747859836573e-02 9.678209415945586702e-01 -2.339136497920048519e-01
7.915233113150412780e-01 7.205029171800564347e-02 6.068769258327610938e-01 6.028790372331845893e-01 -2.547682535403944515e-01 -7.560621690395343819e-01 1.001384746721294267e-01 9.643142083632945116e-01 -2.450926221635643665e-01
7.506808588710499608e-01 -2.412595245875659988e-01 -6.150382832965801683e-01 -6.471827647051794363e-01 -8.142607570013607465e-02 -7.579737879799248734e-01 1.327882419236841860e-01 9.670385907459212449e-01 -2.172640025751154669e-01
9.471899404587963422e-01 -7.121464045271136412e-02 3.126654628814207748e-01 2.902799575182170022e-01 -2.239162328563924775e-01 -9.303757665194337667e-01 1.362672482913051264e-01 9.720030841764819574e-01 -1.914190204617162439e-01
2.744281957717818396e-02 -1.612788279429208382e-01 -9.865272582706532400e-01 -9.917497111611560667e-01 1.192307604637200674e-01 -4.708010377013194248e-02 1.252174191772766898e-01 9.796801342359661158e-01 -1.566762027813459190e-01
9.930699756828661462e-01 -9.605542369577821371e-02 6.771542642453189098e-02 5.047117856261792990e-02 -1.717748150313360977e-01 -9.838425041923379855e-01 1.061352134389524637e-01 9.804421290925718901e-01 -1.657363809448402225e-01
4.094806404331076122e-01 -2.114409389178155407e-01 -8.874786388753502786e-01 -9.066883785007775476e-01 1.359132765163298048e-02 -4.215820917737100326e-01 1.012017262803500822e-01 9.772962729705961804e-01 -1.861456565049493250e-01
-6.841666668840858945e-01 -6.061075466285953395e-02 -7.268027988002789819e-01 -7.210051143197834245e-01 2.063102663083724309e-01 6.615041187630539277e-01 1.098526151233374520e-01 9.766076031011464709e-01 -1.848512713388706374e-01
7.789252226351129904e-01 -1.794546008511018198e-01 -6.008922896628074994e-01 -6.218980169922838641e-01 -9.768250757477825452e-02 -7.769819715894110690e-01 8.073632394346690055e-02 9.789045785710039915e-01 -1.876898293696825648e-01
9.462853662792115594e-01 -1.421140423691875931e-01 -2.904265905995991881e-01 -3.130603954911934106e-01 -1.780940179687533487e-01 -9.328856894275112666e-01 8.085291794806130639e-02 9.736971396308169435e-01 -2.130180413346483559e-01
-3.775859756169515080e-01 -2.124341280709152735e-01 -9.012771894640099202e-01 -9.205986392122281758e-01 1.908511025389283411e-01 3.406963488801564299e-01 9.963421349109252700e-02 9.583567174546359091e-01 -2.676292689740529251e-01
-8.753184880159448067e-01 -1.297681131476502436e-02 -4.833726791054508976e-01 -4.656914445420189952e-01 2.917627003210159775e-01 8.354675368808512914e-01 1.301884135314960722e-01 9.564027023537154948e-01 -2.614284757111628998e-01
9.046213617193245016e-01 -2.462619716209387966e-01 -3.478724381931441179e-01 -3.902722903236078844e-01 -1.505437403313900080e-01 -9.083083846649223636e-01 1.713117956436177036e-01 9.574401409907584704e-01 -2.322943070610134497e-01
8.067226434464654927e-01 -2.744896910249326472e-01 -5.233106019103607176e-01 -5.636678986323772067e-01 -9.155919113724078628e-02 -8.209113317342222604e-01 1.774178023821373074e-01 9.572211468826476999e-01 -2.285839000423293410e-01
4.566991201389259958e-01 -2.805249122857953470e-01 -8.442343793351332337e-01 -8.726263623491546939e-01 4.334549500411465084e-02 -4.864610979267819935e-01 1.730582138981349716e-01 9.588675308142911025e-01 -2.249975843259037767e-01
9.497968848642037720e-01 -2.172909458499023561e-01 -2.251011380555623387e-01 -2.608814136183211230e-01 -1.528858796897326622e-01 -9.531877023021241291e-01 1.727042718949391154e-01 9.640594134404533166e-01 -2.018977013888161309e-01
7.953027104033592032e-01 -3.288127363839482564e-02 6.053200976912855857e-01 5.789570370365171303e-01 -2.548431957889153443e-01 -7.745086796324424094e-01 1.797285400012118839e-01 9.664231823606103111e-01 -1.836406395791063684e-01
5.683047190442612751e-01 -2.030521556384469739e-01 -7.973704085320717505e-01 -8.097205544907806196e-01 3.420687179113576087e-02 -5.858178160122884393e-01 1.462271176874044010e-01 9.785702386711162548e-01 -1.449755773914670753e-01
2.962414137636641964e-01 -1.627077036528650766e-01 -9.411520748228294764e-01 -9.478943011220709591e-01 7.083669115519128368e-02 -3.106099758322076743e-01 1.172067347536226989e-01 9.841282265834043752e-01 -1.332449435070557076e-01
7.545770730220060507e-01 3.646740680722596051e-02 6.551973512692940149e-01 6.509671121024862561e-01 -1.675772415098212564e-01 -7.403780703727712575e-01 8.279649648681684793e-02 9.851842448845368194e-01 -1.501890268987491617e-01
7.388520346589887433e-01 -1.692202106085835545e-01 -6.522746286663763104e-01 -6.716532868158981984e-01 -1.065221475735529388e-01 -7.331677123180745381e-01 5.458510043659386968e-02 9.798048542428766661e-01 -1.923614161218983598e-01
6.982306775214714989e-01 -1.905755955816337277e-01 -6.900397548957685201e-01 -7.130396774925843451e-01 -9.947098661590719759e-02 -6.940316571619260522e-01 6.362656119246146158e-02 9.766199184894619467e-01 -2.053416555900395846e-01
6.171354575213471305e-01 -2.138103858816360892e-01 -7.572509134752254401e-01 -7.839407519456467188e-01 -8.429288937613232946e-02 -6.150866656329960769e-01 6.768104985009741614e-02 9.732316413319950232e-01 -2.196348055327743687e-01
-3.842114766641373941e-02 -2.273779392631240515e-01 -9.730483483098106845e-01 -9.972092748014528274e-01 7.110302883853378275e-02 2.276008655403458786e-02 6.401154319305342455e-02 9.712073064111710341e-01 -2.294752498889633952e-01
7.811797806739521066e-01 1.055735171549072593e-01 6.153148647170312291e-01 6.220140200782874329e-01 -2.159958486360693819e-01 -7.526249744713711110e-01 5.344819072937844612e-02 9.706698851038526588e-01 -2.343997974833369469e-01
9.957909046404023190e-01 -4.036270208148350080e-02 8.228807031478256595e-02 6.997156928212654170e-02 -2.451016622318173410e-01 -9.669690556907168943e-01 5.919842673285970885e-02 9.686568161386577280e-01 -2.412457643575793287e-01
3.937412038034522888e-01 -2.544648733450856071e-01 -8.832980769031923973e-01 -9.175722547529758799e-01 -5.126930993500464218e-02 -3.942494326772434943e-01 5.503654908284324326e-02 9.657220542641959948e-01 -2.536767474026612179e-01
-5.969533597873191016e-02 -2.545973561733941293e-01 -9.652029077307548999e-01 -9.962556486489106966e-01 7.577439277530047257e-02 4.162840298008988610e-02 6.253918289780077688e-02 9.640738704212724608e-01 -2.581674320541285095e-01
6.123098337463198648e-01 1.707976487635431972e-01 7.719487228271058044e-01 7.881018832592215917e-01 -2.096898577794282792e-01 -5.787275569278791387e-01 6.302451190467575626e-02 9.627348164065162583e-01 -2.630011106020067047e-01
9.837516493535024553e-01 -9.720622699345370099e-02 -1.509425116657358568e-01 -1.712164664376688572e-01 -2.550121853665683336e-01 -9.516583982370804273e-01 5.401494251466217034e-02 9.620393623694739604e-01 -2.675119646611598401e-01
5.513140353295621632e-02 -2.844487570541078258e-01 -9.571047136833354951e-01 -9.973536297067426837e-01 2.981182575465681633e-02 -6.630982096160145667e-02 4.739478510629624441e-02 9.582276136991393356e-01 -2.820524325177516944e-01
5.514171238690510624e-01 -2.747364017262057256e-01 -7.876922400725554496e-01 -8.329867710306567696e-01 -1.298044047301484816e-01 -5.378511465085595855e-01 4.552136632290074147e-02 9.527175479013645365e-01 -3.004281596803259902e-01
-9.315504218747718834e-01 -5.881367308873398925e-02 -3.588241398829600248e-01 -3.580446483043907002e-01 3.203984589945007011e-01 8.770113210754660882e-01 6.338644433567637571e-02 9.454553291043215069e-01 -3.195252405408992025e-01
-4.788201130587282917e-01 -2.464124667947697189e-01 -8.426222140072875399e-01 -8.745510960048600291e-01 2.177973863700608248e-01 4.332720611429597968e-01 7.675727852865030232e-02 9.443755580797755789e-01 -3.197860620702351886e-01
9.244293621307999587e-01 -1.968959313898671071e-01 -3.265920186296034089e-01 -3.712199590468342469e-01 -2.684971858665004540e-01 -8.888785086765439436e-01 8.732752392979596656e-02 9.429428685683383105e-01 -3.212983818515185441e-01
9.562840744640648261e-01 -1.697047524659165141e-01 -2.381618481555957956e-01 -2.786592573703832176e-01 -2.817410546585894515e-01 -9.181345197745548470e-01 8.871182112995754099e-02 9.443634232171147502e-01 -3.167142839870956683e-01
8.627042661095353226e-01 8.990894162600512884e-02 4.976522193782519365e-01 4.987983193783915858e-01 -3.134091833154178941e-01 -8.080686359455208079e-01 8.331617983141169359e-02 9.453523502003122747e-01 -3.152258684642575415e-01
9.910387031029878058e-01 -1.072225187781427891e-01 -7.965940257633659372e-02 -1.076059873172306169e-01 -2.875245221824372921e-01 -9.517093046919553601e-01 7.914063713056680716e-02 9.517525837162892355e-01 -2.964857145697512020e-01
-1.753543724461289477e-01 -2.796612121956335018e-01 -9.439493897753697960e-01 -9.816377137725493807e-01 1.227946584740999131e-01 1.459755827172185272e-01 7.508823452064027071e-02 9.522137775959231831e-01 -2.960585732470439324e-01
9.714727777831729805e-01 -1.409315471328344560e-01 -1.907326428511686989e-01 -2.237375420309227758e-01 -2.780105690327212553e-01 -9.341582498656550992e-01 7.862667684829950654e-02 9.501833625826376917e-01 -3.016113777014137742e-01
8.930243661311573211e-01 4.965968469779541428e-02 4.472598765949837851e-01 4.387606020964862630e-01 -3.169081440578571662e-01 -8.408676247054190922e-01 9.998307628780732370e-02 9.471552903011839497e-01 -3.047954076269958623e-01
9.194664078338020685e-01 -2.071694618438486568e-01 -3.341591521184695823e-01 -3.762540132798520842e-01 -2.170357581250394186e-01 -9.007376961057498299e-01 1.140808588502439380e-01 9.539267758976154310e-01 -2.775054303424911994e-01
9.898045781254901643e-01 -1.242925168992592838e-01 -6.955765496814778071e-02 -9.982565413052886527e-02 -2.570282483629670600e-01 -9.612342681786146814e-01 1.015959443050389183e-01 9.583777177012789972e-01 -2.668153187402386717e-01
2.706146514836731964e-01 -2.807615258560224869e-01 -9.208369432214197348e-01 -9.593253108361220471e-01 1.228891663562747469e-03 -2.823002618037344091e-01 8.039066109659652459e-02 9.597767737470398464e-01 -2.690090819734065608e-01
-1.470845732260445682e-01 -2.654240530763385397e-01 -9.528463676624062684e-01 -9.867640598388005557e-01 1.058785746988002985e-01 1.228267789620762357e-01 6.828483381659877782e-02 9.583004745215772946e-01 -2.774840211658320954e-01
-5.773444255623007004e-01 -1.905399431776567676e-01 -7.939571426254645736e-01 -8.119373117676371709e-01 2.366400178309351898e-01 5.336284322639841537e-01 8.620450122632665468e-02 9.527308287311950785e-01 -2.913292844076787458e-01
9.298018658881218590e-01 2.312002976915576713e-02 3.673335737642836607e-01 3.557407012067140828e-01 -3.125060327917990044e-01 -8.807885858557014114e-01 9.443009952299355469e-02 9.496343736892661758e-01 -2.987934279931089288e-01
1.738205578807349161e-01 -3.293721087757778276e-01 -9.280627282779042586e-01 -9.792281002977767379e-01 4.209646548362445950e-02 -1.983436794581404095e-01 1.043970365730637617e-01 9.432613113842756025e-01 -3.152131932524069313e-01
2.187117231936096529e-01 -3.336085560099083525e-01 -9.169899200616470347e-01 -9.690553168480222634e-01 3.595586628446009736e-02 -2.442109100108205977e-01 1.144420160005098774e-01 9.420257464829282501e-01 -3.154211754733995954e-01
-8.214695219314616104e-01 -8.837652546414848098e-02 -5.633625957450321131e-01 -5.571155257395615790e-01 3.352070606701448297e-01 7.597753072170834177e-01 1.216968180258935217e-01 9.379903071054445096e-01 -3.245983183237490799e-01
8.498854943409658302e-01 7.670429402550871245e-02 5.213550592320559396e-01 5.133298727271045081e-01 -3.441271955767186697e-01 -7.861735909011938750e-01 1.191095641616862905e-01 9.357846571420962434e-01 -3.318433172186264768e-01
7.518533351359357741e-01 -3.261170949481165260e-01 -5.730307171762883955e-01 -6.453411799189707754e-01 -1.859088246551079959e-01 -7.409268995090858567e-01 1.350974609153006434e-01 9.268686796401947037e-01 -3.502329606937092943e-01
7.457210385391463969e-01 1.322611619645076009e-01 6.529985587395236157e-01 6.440258858037043455e-01 -3.941705421573113988e-01 -6.556372793779844388e-01 1.706774475285202930e-01 9.094704881034947341e-01 -3.791208780507078213e-01
-4.109104696756120667e-01 -2.579934563026881067e-01 -8.744094935531984136e-01 -8.868070149322995199e-01 3.356024728142659175e-01 3.177173248468110889e-01 2.114849975242506508e-01 9.059858479832574307e-01 -3.666929765842601441e-01
6.735965017714015124e-01 -3.683157406615429341e-01 -6.407895660685102301e-01 -7.099366927068224697e-01 -8.129279257879259979e-02 -6.995579848899160513e-01 2.055666440593639233e-01 9.261398366638164958e-01 -3.162393994974223022e-01
4.324421478780370309e-01 -3.762577988511318638e-01 -8.194045750069566258e-01 -8.800326631676109734e-01 2.172795048539348517e-02 -4.744158596904476388e-01 1.963066491404512337e-01 9.262602037070389871e-01 -3.217230711836535639e-01
-6.422889677735841296e-01 -1.325959784643177541e-01 -7.549060791723920527e-01 -7.410514218197599146e-01 3.589396242744592458e-01 5.674549641554140766e-01 1.957234582140221779e-01 9.238942864964583279e-01 -3.288033991368454201e-01
8.978198207768053329e-01 -2.773684512258861590e-02 4.394886083198865645e-01 3.977167974527388017e-01 -3.773847305040790578e-01 -8.363026451030157737e-01 1.890526869532466459e-01 9.256410927595044580e-01 -3.277920818914767942e-01
5.987433703749072134e-01 -3.732657186665914173e-01 -7.086459480589795135e-01 -7.783987428364330663e-01 -6.274956466401898636e-02 -6.246261996467461497e-01 1.886843225675025326e-01 9.255999110862044299e-01 -3.281204519905053241e-01
-4.943100974618816479e-01 -2.139563164087152081e-01 -8.425438992812415151e-01 -8.513407414375846471e-01 3.150736160212659343e-01 4.194610332984313184e-01 1.757170154416722863e-01 9.246357721590148238e-01 -3.378937988897894318e-01
7.499410985060320778e-01 -3.529482170809402630e-01 -5.594782433937455224e-01 -6.361580214314939141e-01 -1.529248423038326588e-01 -7.562519185924191367e-01 1.813596441878208565e-01 9.230609669278259100e-01 -3.392154636721823047e-01
-5.124337360565133226e-01 -2.045678551612997165e-01 -8.340045915856033609e-01 -8.380613124186373497e-01 3.309202037074849279e-01 4.337569081932272086e-01 1.872562489700003996e-01 9.212186555931780596e-01 -3.410150814975536071e-01
-6.018032789703517960e-01 -1.689128629239544932e-01 -7.805775157915876283e-01 -7.768602744826761386e-01 3.505287188382689711e-01 5.230848221849900836e-01 1.852590816970495491e-01 9.211938243434087958e-01 -3.421710254249047400e-01
7.093384204833705908e-01 -3.607326835588314795e-01 -6.055666241121622217e-01 -6.808043021313270327e-01 -1.280613995314338616e-01 -7.211835967002627745e-01 1.826047847829665449e-01 9.238355962845850033e-01 -3.364272337547482006e-01
4.671042677421371470e-01 -3.741724730754413253e-01 -8.011295547223868940e-01 -8.671740066901096888e-01 -1.690064320045396584e-02 -4.977184047033346714e-01 1.726929216213085039e-01 9.272051168172116276e-01 -3.323670052364968708e-01
-4.750383351778028063e-01 -2.244226704860762811e-01 -8.508660559003393686e-01 -8.646437668986447500e-01 2.986925802613119574e-01 4.039478912683685530e-01 1.634923131979716393e-01 9.275867654665722606e-01 -3.359360892438301716e-01
9.846587811204876584e-01 -1.404239682755111518e-01 1.035769950137275242e-01 4.920264463403190014e-02 -3.460631409885420728e-01 -9.369201685363388599e-01 1.674102282518385998e-01 9.276429332361146862e-01 -3.338448799873447448e-01
6.538693754357552956e-01 -3.555493839989643523e-01 -6.678618685066636251e-01 -7.397901966423275910e-01 -1.153658862643990590e-01 -6.628734247489004305e-01 1.586357614762867463e-01 9.275102952659802780e-01 -3.384661687029474342e-01
5.848672140802433361e-01 -3.618360048912499516e-01 -7.259511329685723879e-01 -7.967104147665192704e-01 -8.826455559936759176e-02 -5.978811614588697143e-01 1.522591767236893268e-01 9.280539175011252029e-01 -3.399015582698009519e-01
8.939555477279189644e-01 1.665512415516656741e-02 4.478460511446451520e-01 4.205620641031025397e-01 -3.764117614491874209e-01 -8.254948431577620038e-01 1.548258018671765379e-01 9.263027543314852341e-01 -3.434998957701294042e-01
5.783844248760078299e-01 -3.548404290161635277e-01 -7.345472939140641477e-01 -8.019636888172253508e-01 -8.240153326131283151e-02 -5.916622593463717328e-01 1.494178666676720668e-01 9.312884930309243137e-01 -3.322289028195349880e-01
5.239968532391767742e-01 2.319628771433109860e-01 8.195245703594481457e-01 8.438345236169916275e-01 -2.720175078705567850e-01 -4.625470485950334831e-01 1.156312870616151428e-01 9.339163233605506376e-01 -3.382746020811872034e-01
-9.528788728100597849e-01 1.215001326403188364e-01 2.779560604135388746e-01 2.976684716458935509e-01 1.979806634018671518e-01 9.339149521808474130e-01 5.844086532750809859e-02 9.726465826225586531e-01 -2.248183501683758134e-01
2.292281797760208628e-01 -2.428926337512385958e-01 -9.425802936970192336e-01 -9.728260831342484538e-01 -2.471984657797202112e-02 -2.302136858634555860e-01 3.261676823734490499e-02 9.697381593268094013e-01 -2.419587749497900120e-01
-6.098142292691083322e-01 -1.896926742343004735e-01 -7.695084763163840824e-01 -7.924083505730520338e-01 1.639206180981216399e-01 5.875534332334590992e-01 1.468372306392618475e-02 9.680633865115286785e-01 -2.502751844926152103e-01
9.752441640545382873e-01 2.385833572975148975e-02 2.198399424439775596e-01 2.188499647956164695e-01 -2.465557843389514225e-01 -9.440947717882786083e-01 3.167827941227696620e-02 9.688348801654547149e-01 -2.456734857249899262e-01
-8.148895020492910035e-01 1.706324602015609759e-01 5.539310994838809732e-01 5.784731768737424451e-01 1.794282410074331535e-01 7.957224955765535013e-01 3.638520423824696121e-02 9.688601910774026216e-01 -2.449204912987067440e-01
3.340162676834028121e-01 -2.561295448725843249e-01 -9.071002089991007100e-01 -9.423653400512518319e-01 -7.082335741925938066e-02 -3.270040029020325756e-01 1.951150411778265759e-02 9.640444534808686461e-01 -2.650237591610139498e-01
-5.746894741444681376e-01 -2.395843840513193213e-01 -7.825160261785726323e-01 -8.183690708548417847e-01 1.706019146027917266e-01 5.487868899691800140e-01 2.017963264727609413e-03 9.557689624865474132e-01 -2.941115743585256403e-01
