nan nan nan nan nan nan nan nan nan
nan nan nan nan nan nan nan nan nan
nan nan nan nan nan nan nan nan nan
nan nan nan nan nan nan nan nan nan
nan nan nan nan nan nan nan nan nan
nan nan nan nan nan nan nan nan nan
nan nan nan nan nan nan nan nan nan
nan nan nan nan nan nan nan nan nan
nan nan nan nan nan nan nan nan nan
nan nan nan nan nan nan nan nan nan
nan nan nan nan nan nan nan nan nan
nan nan nan nan nan nan nan nan nan
nan nan nan nan nan nan nan nan nan
nan nan nan nan nan nan nan nan nan
nan nan nan nan nan nan nan nan nan
nan nan nan nan nan nan nan nan nan
nan nan nan nan nan nan nan nan nan
nan nan nan nan nan nan nan nan nan
nan nan nan nan nan nan nan nan nan
nan nan nan nan nan nan nan nan nan
nan nan nan nan nan nan nan nan nan
nan nan nan nan nan nan nan nan nan
nan nan nan nan nan nan nan nan nan
nan nan nan nan nan nan nan nan nan
nan nan nan nan nan nan nan nan nan
nan nan nan nan nan nan nan nan nan
nan nan nan nan nan nan nan nan nan
nan nan nan nan nan nan nan nan nan
nan nan nan nan nan nan nan nan nan
nan nan nan nan nan nan nan nan nan
-3.258518538056762726e-01 9.374048553980495191e-01 1.228523766459831412e-01 3.816209274536608298e-01 2.493035054947921880e-01 -8.900636100175177701e-01 -8.649774777997469855e-01 -2.431458394136541967e-01 -4.389693197423000792e-01
-1.899368485402653517e-01 9.554926301837552982e-01 2.257384044222918718e-01 3.636674693846665418e-01 2.820386476827652089e-01 -8.878063825658325525e-01 -9.119594098850808406e-01 -8.653343213930025923e-02 -4.010511187420479073e-01
3.495197133690802205e-01 7.978727004312505811e-01 4.911569238776340995e-01 2.772962027488044545e-01 -5.888265209364352826e-01 7.592036249801417114e-01 8.949540691608088849e-01 -1.291606834467742826e-01 -4.270535469283356367e-01
1.387603213728673748e-02 9.965009390785255494e-01 8.242168493631552018e-02 6.351312516285607945e-02 8.138476823967599749e-02 -9.946570275379457149e-01 -9.978845317290836459e-01 1.903675167118831779e-02 -6.216159120901863788e-02
1.395255880412611393e-01 8.960065418815784666e-01 4.215505748865199243e-01 7.607050578241327798e-01 -3.695251603069964474e-01 5.336468597311068152e-01 6.339246211360802796e-01 2.462182625344914166e-01 -7.331549235407023302e-01
1.831363935602930149e-01 -9.830872997329814789e-01 -6.499672639160847254e-04 -9.290603348115438198e-01 -1.728556368167445401e-01 -3.270593571517865783e-01 3.214155497694404784e-01 6.050032995275644865e-02 -9.450035737720867690e-01
8.081728272701779736e-02 -9.591436833556999941e-01 -2.711308936500619882e-01 -9.967059621651463974e-01 -7.961477913151154828e-02 -1.545030511964815868e-02 -6.766963652250270259e-03 2.714864299052542895e-01 -9.624184778879864011e-01
3.121263906186320103e-01 -8.781734306411055346e-01 -3.624755743431785082e-01 8.146257632293411044e-01 5.107398607501540538e-02 5.777337741810001370e-01 -4.888373780332256890e-01 -4.756078990749009749e-01 7.313242401118400515e-01
2.469836213338522102e-02 9.430468219836551924e-01 3.317418913168117545e-01 1.947179407215080676e-02 -3.322339750058631025e-01 9.429959889031422904e-01 9.995052977065903566e-01 -1.683084663143271514e-02 -2.656844854577086398e-02
1.743936779544130178e-01 9.842761310248325790e-01 2.805963264761639209e-02 -1.264827431875287234e-01 5.065220916958546038e-02 -9.906747545900208562e-01 -9.765187969339300667e-01 1.692183547994344228e-01 1.333273701596285055e-01
8.616322828732966843e-02 9.935391991064487227e-01 -7.386310262926762404e-02 -4.841194646688171815e-02 7.822661855249746221e-02 9.957594486567173941e-01 9.951041058755577540e-01 -8.222199212350837783e-02 5.483942451237462656e-02
-3.716379163512898987e-01 -1.812550489669473297e-01 9.105118705179306993e-01 2.448919018380019685e-01 -9.651586674098445728e-01 -9.217756309330027431e-02 8.954960723220610763e-01 1.887203061348790012e-01 4.030774497638384135e-01
-4.032771713711038597e-01 8.074889686966147950e-01 4.304986509667581007e-01 -2.959099841574905354e-01 -5.602497304153730706e-01 7.736649926456640181e-01 8.659127001764294063e-01 1.846125808355948417e-01 4.648799744776989096e-01
-5.700110396079048902e-01 3.822242303552420006e-01 7.273183982647893897e-01 -3.024578255369560487e-01 -9.206597920954369130e-01 2.467890009506970017e-01 7.639415412821661810e-01 -7.931068621648684758e-02 6.403929547983007176e-01
-5.123178623834833134e-01 3.317672691533705143e-01 7.921242875971756803e-01 2.567667721126904445e-01 -8.210010911694149982e-01 5.099294392731797965e-01 8.195128019876491976e-01 4.646371567332348018e-01 3.354267132492688153e-01
-2.681366977143614938e-01 6.457815949164832370e-01 7.148907909645786374e-01 -2.038479401372728650e-01 6.872298065391071464e-01 -6.972526158473784097e-01 -9.415671662927864727e-01 -3.326880290472515878e-01 -5.263028299398792020e-02
-2.338447985059614320e-01 -3.508928979723036079e-02 9.716405466803205160e-01 3.784888998605899779e-01 -9.238038163216558685e-01 5.772920952052396082e-02 8.955795681535094754e-01 3.812548369412121496e-01 2.293076239790189930e-01
6.565190099088291653e-01 -3.161901138659896082e-01 6.848405664983225893e-01 5.137234559010689372e-01 -4.773754108781450012e-01 -7.128821276662675732e-01 5.523323279379844797e-01 8.198393311999213617e-01 -1.509717540875516462e-01
9.529846967546163894e-01 -1.930323720284227162e-01 2.335779764887786769e-01 8.027400709763622688e-02 -5.824721827635767069e-01 -8.088771477122612685e-01 2.921921483134010677e-01 7.895977834668198581e-01 -5.395915944566636036e-01
-9.901889908756467129e-01 1.241599963569596787e-01 6.410973134640453319e-02 -1.396619905499197067e-01 -8.645768046482221747e-01 -4.827022656461267269e-01 -4.504524869788884348e-03 -4.869201620069861236e-01 8.734348659669980419e-01
-9.437277431451661647e-01 -1.235988744227489167e-01 3.067592949847823824e-01 2.669007150674388429e-01 -8.323640225928267133e-01 4.857305242514391441e-01 1.952996546710233094e-01 5.402716466135509821e-01 8.185136484817226998e-01
9.046858168184758187e-01 1.365062739201565734e-01 -4.036206263658020377e-01 -3.223386822673161567e-01 8.387680852553824895e-01 -4.388232822802253796e-01 2.786419687729351780e-01 5.270997404073113346e-01 8.028228427871791917e-01
9.125326729949596594e-01 -2.913428065217210650e-01 -2.870600804791933469e-01 4.251096893811810024e-02 7.656119254188828993e-01 -6.418965626768329269e-01 4.067885669934890314e-01 5.735483839611423829e-01 7.110311617776998716e-01
-4.090618682731131384e-01 8.431456031255315509e-01 -3.489611437610126154e-01 -8.232726918570293373e-01 -1.760702218255608409e-01 5.396492859522548091e-01 3.935612566899733267e-01 5.080401253015176533e-01 7.661623641998002165e-01
7.471433233966106036e-01 -6.444100531655302389e-01 -1.628267105946274440e-01 3.805018794030918250e-01 6.155484864762139630e-01 -6.901582286458355364e-01 5.449726360787142676e-01 4.536912432216885227e-01 7.051021782333226628e-01
6.568875928984686530e-01 -5.293582805860236329e-01 -5.369157299530946670e-01 -1.928508721361631706e-01 5.704542324468954151e-01 -7.983674027662605033e-01 7.289082462233343884e-01 6.279823082368098941e-01 2.726371015272702203e-01
5.820989582989115618e-01 -7.981277495469456529e-01 1.554120270456881558e-01 2.346414232469466732e-01 -1.812047644882636144e-02 -9.719130881050602744e-01 7.785269457404599969e-01 6.022156953587269879e-01 1.767259206218362022e-01
6.555368831640661087e-01 -6.489907834100796524e-01 3.861118463092169106e-01 2.515851575412778596e-01 -2.943978266112188824e-01 -9.219733337746385260e-01 7.120226845518838887e-01 7.015275352652680096e-01 -2.971218517993138436e-02
2.980690094170616034e-01 -4.777000127141418639e-01 -8.264124657082807524e-01 -4.088281985313720335e-01 7.184514058780000489e-01 -5.627495726142477395e-01 8.625626758159227192e-01 5.055989272583893968e-01 1.885086322801456452e-02
-3.355745730231080581e-01 8.070942276317870645e-01 -4.857865927172219100e-01 3.485610640467880217e-02 5.259748433151254510e-01 8.497855706270465159e-01 9.413685557669028148e-01 2.682338008586515610e-01 -2.046359457433049867e-01
2.127744965466171478e-01 -5.667014929182061511e-01 7.959751450539206408e-01 -2.357350367509093991e-01 -8.203381753259124665e-01 -5.210319285331758143e-01 9.482383698561143159e-01 -7.677692379373690645e-02 -3.081384395128101139e-01
3.584271731130518890e-01 9.219180495810698206e-01 1.469594210345912533e-01 4.333289359938889418e-01 -3.037296501377083624e-01 8.485130127803752753e-01 8.268953953219176922e-01 -2.404483509693114973e-01 -5.083587273880013635e-01
-7.574288725531952426e-01 -6.486310859266691820e-01 7.469415902455520118e-02 -5.606239320568279227e-01 5.874534740986075976e-01 -5.836087924068810162e-01 3.346674615613784987e-01 -4.839174827788998989e-01 -8.085923324104653531e-01
7.772589116938970477e-01 5.974750795256691394e-01 1.972108352454652325e-01 4.097187024667332533e-01 -7.185140491248334094e-01 5.620214818485256281e-01 4.774925853260919562e-01 -3.560352378010234187e-01 -8.032681621990088727e-01
7.491904599960144129e-01 5.780204496811797155e-01 3.234285305926597465e-01 1.952826492038066408e-01 -6.593563464897248538e-01 7.260260981973478689e-01 6.329125860424198446e-01 -4.807718461953534028e-01 -6.068608492356446504e-01
7.682569142457935651e-01 6.397242385311081581e-01 -2.311303418691028344e-02 3.618739930956011985e-01 -4.042314255894671193e-01 8.400262898784489618e-01 5.280421638795297357e-01 -6.537200113211319996e-01 -5.420531523418370412e-01
-7.383366877899738556e-01 -5.779503168719922757e-01 3.476095031653977374e-01 -5.850080318754806719e-01 2.923531977828536799e-01 -7.565019566315188682e-01 3.355957957193552721e-01 -7.619075002739532643e-01 -5.539606691108938108e-01
9.051901406980973341e-01 4.246690026530263173e-01 1.694247232969867123e-02 2.062909560475556792e-01 -4.738675394842697397e-01 8.560920490672188077e-01 3.715842443322161515e-01 -7.714310035309756008e-01 -5.165455992990821699e-01
9.852769562743020071e-01 9.782731363429453264e-02 1.402110414409093453e-01 -6.519580969787920621e-02 -5.431496120840406672e-01 8.371009528669730582e-01 1.580469102282134608e-01 -8.339174513104119502e-01 -5.287748656727749852e-01
8.382236761291581573e-01 -2.712957734115526431e-01 4.730535615610007016e-01 -5.366182658809109940e-01 -5.647573930292657529e-01 6.269688379351491259e-01 9.706650039784142647e-02 -7.793893060260803640e-01 -6.189752855750391136e-01
4.176106949391808487e-01 5.467055339712119100e-01 -7.257508984477155645e-01 9.013856665445999505e-01 -3.498999598634373598e-01 2.550958608749118728e-01 -1.144778914042446083e-01 -7.607122170787171678e-01 -6.389144975400237181e-01
7.854095851456169841e-01 5.139786972194005932e-01 3.449024244131049244e-01 1.524910812036566199e-01 -7.007109549990836461e-01 6.969581247805436419e-01 5.998985361831865593e-01 -4.948030480392366925e-01 -6.287222677274525440e-01
3.654235251571389953e-01 1.161347815298350294e-01 9.235682756465529719e-01 -9.266326093460843794e-01 1.396297564404881120e-01 3.490781265173127368e-01 -8.841750142475758578e-02 -9.833698407188351531e-01 1.586382734601443634e-01
3.192563989998657703e-02 -5.076314385250025457e-02 -9.982003089276153540e-01 8.320620156914891874e-01 -5.519806100900007673e-01 5.468279554015965244e-02 -5.537630861301541252e-01 -8.323103443493184983e-01 2.461574960724011163e-02
3.589316444616436064e-01 -2.560935823007518541e-01 -8.975433982312099879e-01 5.614297083112089748e-01 -7.089665356076284564e-01 4.268057333425924194e-01 -7.456304427996831574e-01 -6.571016119999139038e-01 -1.106919792824368615e-01
-2.873430728341403451e-01 9.387130422739986546e-02 9.532167312510209101e-01 -5.142840141958774369e-01 8.244468232115139683e-01 -2.362189417447663198e-01 -8.080506860567648886e-01 -5.581000035290178962e-01 -1.886225724140719873e-01
2.285440038569706012e-01 -8.029114531512342445e-01 5.505459442222770949e-01 -4.409380470456682466e-01 4.188107222202321900e-01 7.938332429552943381e-01 -8.679523471761435571e-01 -4.241824811940506645e-01 -2.583175287886634308e-01
-3.853766687143015401e-01 9.203888093272336590e-01 6.610039996750834146e-02 7.177380886329099222e-03 7.462106947138492929e-02 -9.971861316697897548e-01 -9.227314389432496045e-01 -3.838178417636989859e-01 -3.536320021683727471e-02
-5.372972853397616211e-01 8.345352496841444978e-01 -1.219120346854433157e-01 6.192986969510942685e-02 -1.051202055042711053e-01 -9.925293112217323799e-01 -8.411161146988384019e-01 -5.408333009619156195e-01 4.798141782888048351e-03
-3.725546023430207354e-01 6.482645400157862614e-01 6.640452954664722851e-01 -3.466324830149198344e-01 5.665580373037921724e-01 -7.475679983020848685e-01 -8.608420238301247585e-01 -5.086895679337204434e-01 1.363574286424031057e-02
2.796018764593895256e-02 -6.185378613646728974e-02 9.976935085723410701e-01 -5.279078836618492643e-01 8.466323072202031064e-01 6.728300482784067837e-02 -8.488412656524606525e-01 -5.285715140939589718e-01 -8.981103158783974513e-03
-3.373732839163599562e-01 5.340867824857563617e-01 7.751971207850966161e-01 -3.684074488178686324e-01 6.828889356289812307e-01 -6.308237893826029730e-01 -8.662881847024122006e-01 -4.984114869959655469e-01 -3.362693378037578951e-02
4.680405866823078576e-02 -1.064456139911959809e-01 -9.932163467010690638e-01 5.031861296122163152e-01 -8.564251753291924896e-01 1.154973507412171557e-01 -8.629096702772883765e-01 -5.051784341442133730e-01 1.347778236736854596e-02
-5.351676886763516716e-01 8.141902239711824585e-01 -2.251440076630223108e-01 6.036945348171857822e-02 -2.289791439472112222e-01 -9.715575539943688277e-01 -8.425859446270925757e-01 -5.335380312845168227e-01 7.339002037002032020e-02
-1.091905980076424421e-01 3.078328649649854087e-01 9.451541358710665586e-01 -5.685868853617103147e-01 7.605825709953345504e-01 -3.134056580420916949e-01 -8.153443242590231455e-01 -5.716231975222632045e-01 9.198126414124221939e-02
-5.854304123642057878e-01 6.514946100520161432e-01 -4.825204714333343192e-01 2.113312960848906519e-01 -4.519644710113556174e-01 -8.666413331006697085e-01 -7.826942669868971469e-01 -6.093298696244890955e-01 1.269125463035350454e-01
-7.145457660224863172e-01 6.992535245017177381e-01 -2.165309980726870531e-02 -8.788992334602516165e-02 -1.204319451273917208e-01 -9.888232946118646893e-01 -6.940458987945740121e-01 -7.046564092270487523e-01 1.475114751525240797e-01
-7.676548540388286046e-01 6.159150692144167438e-01 -1.770724501022818420e-01 8.012449241461963578e-02 -1.818945235876604505e-01 -9.800481865725365616e-01 -6.358349556181418505e-01 -7.665265877994177357e-01 9.028233166382727826e-02
-3.475977385321728508e-01 3.438413342761846847e-01 8.723238785052785937e-01 -6.471142106040786990e-01 5.852824092578853277e-01 -4.885567519209466081e-01 -6.785418267148893845e-01 -7.343144001423768108e-01 1.906177174248379486e-02
6.234211461860640346e-01 -6.134835151399232744e-01 -4.847515354690666856e-01 3.296732427068106985e-01 -3.559290874207063360e-01 8.744312653210881692e-01 -7.089863380427231521e-01 -7.049485522925961201e-01 -1.964461985742519540e-02
-3.498374275865581695e-01 3.822761445751020615e-01 8.552652942499275879e-01 -5.515821884418162790e-01 6.538776753455481927e-01 -5.178813330082852051e-01 -7.572125617376906925e-01 -6.529233760354250515e-01 -1.789417148533022084e-02
1.581336431711326540e-01 -2.533095149301879956e-01 9.543731139042307410e-01 -5.970732680031511919e-01 7.452827980097233018e-01 2.967441046201847454e-01 -7.864459698755293937e-01 -6.167559003662884676e-01 -3.339005585360745043e-02
1.990394381325494289e-01 -3.243738638492500992e-01 9.247512630536859346e-01 -5.529605411691582706e-01 7.418924679262312027e-01 3.792495299196004810e-01 -8.090846321478309955e-01 -5.868365722122594885e-01 -3.170008732440467852e-02
4.013622125202188640e-01 -5.730703877109981637e-01 -7.144919209407766258e-01 3.564797178151501988e-01 -6.208350720711393045e-01 6.982019937474069904e-01 -8.437005304889320101e-01 -5.349337753546601348e-01 -4.489176803718678693e-02
-4.739361486194527129e-01 8.425039208596221130e-01 2.560696592099962476e-01 -6.175756635749228562e-02 2.582846023866176566e-01 -9.640928726878892352e-01 -8.783908754246938511e-01 -4.727327019639643857e-01 -7.037941790388475838e-02
2.281621809543940560e-01 -6.369384625560270408e-01 7.363772226915352714e-01 -3.394158613273141056e-01 6.568459322411392964e-01 6.733129245586380041e-01 -9.125452823074436948e-01 -4.035626546337432452e-01 -6.631961642978859151e-02
-1.633333697686126240e-01 2.954654711240806142e-01 9.412876105067220500e-01 -3.290176856562108676e-01 8.831660198145810936e-01 -3.343129431689743081e-01 -9.300911637282984756e-01 -3.643047307108378541e-01 -4.703711658088180481e-02
-3.493194343013233949e-01 9.288390458323582122e-01 1.234259282186605106e-01 -8.803839578051596282e-02 9.860619542160276030e-02 -9.912245250662787832e-01 -9.328586032662166128e-01 -3.571202110798424312e-01 4.732843913010589126e-02
-1.719712428633216883e-01 3.512727311624077586e-01 -9.203441530045959329e-01 3.388739201023452940e-01 -8.561500110683547549e-01 -3.900918158871382602e-01 -9.249812743523587732e-01 -3.789652053808612586e-01 2.819601404680913137e-02
-2.816886586976903861e-01 6.705210418875728884e-01 6.863330328252454926e-01 -2.631253441697076201e-01 6.338948033103120050e-01 -7.272842852638530253e-01 -9.227223595517066723e-01 -3.854593502850651721e-01 -2.129896980219481151e-03
-2.604077210503106810e-01 6.428901746012959384e-01 -7.203332855133783852e-01 2.854737595871295053e-01 -6.614469494669853455e-01 -6.935363477338508664e-01 -9.223299579893159406e-01 -3.862384709501811564e-01 -1.128238243868041890e-02
-2.790360645699568320e-01 6.556244396057347990e-01 7.016377048455825216e-01 -2.786370137826054139e-01 6.439455463382782741e-01 -7.125275769409969984e-01 -9.189669685138976973e-01 -3.943231258026371755e-01 2.997204967052302660e-03
-8.340854055902914566e-02 2.361912736556704973e-01 9.681201875855729444e-01 -4.126742641855969951e-01 8.761003394612878470e-01 -2.492953005467471450e-01 -9.070517995355551477e-01 -4.203116432419273796e-01 2.439580936517678211e-02
-4.940683069455363563e-02 1.185948584334436673e-01 9.917127732533604911e-01 -4.222151200955722161e-01 8.973636532255933052e-01 -1.283466642819288128e-01 -9.051482516380403576e-01 -4.250573295718684252e-01 5.736648309830762182e-03
-1.510411954477318408e-01 3.181266951737126147e-01 9.359390808677517937e-01 -3.917411333289724795e-01 8.500206005679337151e-01 -3.521418223787988744e-01 -9.075932138000218918e-01 -4.198337580852466444e-01 -3.764815555428985272e-03
-2.538785526985070096e-01 5.425378577911371680e-01 8.007486205689742231e-01 -3.093432905028055124e-01 7.388470919954857052e-01 -5.986749562748645559e-01 -9.164346180173510437e-01 -3.996969445882934679e-01 -1.974698422986109064e-02
-3.942719995443195735e-01 8.251690143225643981e-01 4.045314427547649361e-01 -1.246207134108296560e-01 3.881165221824279810e-01 -9.131457950393204737e-01 -9.105049523008098555e-01 -4.104408154788511953e-01 -5.019032600766406421e-02
-3.738518370124212509e-01 8.790485425905381067e-01 -2.958182951270740269e-01 1.927704839131438586e-01 -2.383368221628898165e-01 -9.518587603910505512e-01 -9.072344484720199498e-01 -4.128791820505676724e-01 -8.035195414502276090e-02
-2.396681194818977012e-01 6.981485916405933967e-01 -6.746463788491470215e-01 3.530842836219209580e-01 -5.846344424095573089e-01 -7.304341567914667266e-01 -9.043730873722448660e-01 -4.132688141376306690e-01 -1.063870579444255310e-01
-4.128421629703568629e-02 -2.083362749856814133e-01 9.771855555675340588e-01 -4.083441386062100498e-01 8.961291690917839725e-01 1.738032703053118688e-01 -9.118940058749657185e-01 -3.918526621422387946e-01 -1.220688871963226396e-01
-1.909960267289902980e-01 1.151120525897199043e-01 9.748177948326139930e-01 -3.660166955226055729e-01 9.131248209234995583e-01 -1.795406361026357644e-01 -9.107976154846099126e-01 -3.910911361332653491e-01 -1.322702796002955816e-01
-3.395409248258635659e-01 4.950360158738558169e-01 7.997820349045963173e-01 -2.429883145921203913e-01 7.752689809665558318e-01 -5.830220288486180902e-01 -9.086631055237568422e-01 -3.922975275716353849e-01 -1.429475796266029275e-01
-3.977825311922399965e-01 7.608830785556107701e-01 5.126655816865713922e-01 -8.589218411893138894e-02 5.254385641859020684e-01 -8.464849957167208672e-01 -9.134503766409942660e-01 -3.807509107461116704e-01 -1.436563725716065165e-01
3.893838910518096497e-01 -9.209146434903812128e-01 -1.721641061128520445e-02 -1.471722531720830174e-01 -8.065756284558131539e-02 9.858167605858927374e-01 -9.092417243426550444e-01 -3.813273881598266413e-01 -1.669398387252133409e-01
-2.425912523013238065e-01 8.178249718968039206e-01 -5.218350310671635572e-01 3.452904323715573764e-01 -4.298903877983525357e-01 -8.342474283995396922e-01 -9.066002435580626795e-01 -3.825657718884094005e-01 -1.780994906222001239e-01
-2.183895665934710295e-01 -4.226092658277114111e-05 9.758616681769655132e-01 -3.598735021780957721e-01 9.295221323731528429e-01 -8.049638413331994258e-02 -9.070816168532950252e-01 -3.687663266114207805e-01 -2.030131442156666299e-01
-4.088100301110344503e-01 6.653293323336166853e-01 6.246689033537042857e-01 -8.247913071363019433e-02 6.547425605015917416e-01 -7.513383874557078013e-01 -9.088847849300477622e-01 -3.586768169317943178e-01 -2.127895409044749109e-01
2.774779424454316273e-02 -5.990495811253522263e-01 8.002310036908732993e-01 -4.092208127051533695e-01 7.235762915768914061e-01 5.558558056877407338e-01 -9.120133696188319483e-01 -3.428949542080979018e-01 -2.250659103798931804e-01
-4.034844024031294940e-01 8.368679846904281128e-01 3.699355527893620765e-01 7.034964143398571290e-02 4.314840274865454628e-01 -8.993733718395824361e-01 -9.122780634036418146e-01 -3.368582939815666366e-01 -2.329704376274581712e-01
1.269485529439099434e-03 -5.670394085316404764e-01 8.236896852447394002e-01 -4.242215227866661942e-01 7.455942450712184089e-01 5.139312418225242540e-01 -9.055575564319766624e-01 -3.500793208528133471e-01 -2.396038002623920304e-01
-4.067177696240242279e-01 8.963906186483681093e-01 1.762512827506660384e-01 1.753713126810970413e-01 2.659502499295274824e-01 -9.479005049323112608e-01 -8.965631927313143512e-01 -3.546185603738445380e-01 -2.653678919496741950e-01
4.259658426944587691e-03 -5.955919073955248111e-01 8.032758773640886751e-01 -4.446785006154284070e-01 7.183631153598954988e-01 5.349910892536802187e-01 -8.956801250449293317e-01 -3.594783920284850831e-01 -2.617869348613759972e-01
3.647811712563666653e-01 -9.310872901296390891e-01 -3.339948484367027959e-03 -2.637517960380427184e-01 -1.067714867638743792e-01 9.586630480523062880e-01 -8.929555908238328010e-01 -3.488213120972923353e-01 -2.845241730383962220e-01
-3.440283588390001257e-01 1.222332153866821924e-01 9.309691344887740527e-01 -2.784463317937613813e-01 9.336102038097899847e-01 -2.254764458936689975e-01 -8.967229943662327063e-01 -3.367952321492615475e-01 -2.871529957642481312e-01
-2.370899429603171849e-01 -1.947505670591302418e-01 9.517670805282250068e-01 -3.638284046629780000e-01 9.262019565154970824e-01 9.888795531943173067e-02 -9.007870175060618267e-01 -3.228345588331777982e-01 -2.904489571603270370e-01
1.634334395892899361e-01 -8.892964694482496935e-01 4.271314788807918372e-01 -3.990232276772551767e-01 3.363732532144647625e-01 8.530143599588126957e-01 -9.022582638014678968e-01 -3.098464522126982978e-01 -2.998753098425489538e-01
-1.362595374006728421e-01 -5.007526900008762993e-01 8.547982697246416794e-01 -4.159448951203172928e-01 8.120267821881116399e-01 4.093926589871508814e-01 -8.991235636388933417e-01 -2.997653223208241458e-01 -3.189319188215402612e-01
-1.998899483249731365e-02 7.768804482601836536e-01 -6.293307629511230017e-01 4.443467118008472827e-01 -5.569709425346442977e-01 -7.016689881160810272e-01 -8.956318662248240470e-01 -2.936667129300261081e-01 -3.340709833546047225e-01
